AF3,F7,F3,FC5,T7,P7,O1,O2,P8,T8,FC6,F4,F8,AF4
4153.205078125,4146.41015625,4152.5639648438,3993.3332519531,4045.8974609375,4156.5385742188,4161.9228515625,4163.4614257812,4165.8974609375,4163.58984375,4161.41015625,4170.2563476562,4120.6411132812,4139.8715820312
4167.8203125,4155.384765625,4164.1025390625,4015.2563476562,4046.794921875,4158.4614257812,4164.8715820312,4165.7690429688,4164.615234375,4164.7436523438,4172.0512695312,4178.0771484375,4133.9741210938,4150.8974609375
4176.2822265625,4162.0512695312,4169.8715820312,4039.1025390625,4051.41015625,4155.0,4163.58984375,4164.3588867188,4163.3334960938,4167.4360351562,4181.0258789062,4190.2563476562,4146.2822265625,4164.7436523438
4166.0258789062,4153.7177734375,4160.7690429688,4049.8718261719,4048.205078125,4149.4873046875,4159.615234375,4160.8974609375,4163.8461914062,4166.5385742188,4171.6665039062,4185.8974609375,4142.9487304688,4153.8461914062
4145.384765625,4141.1538085938,4142.8203125,4054.8718261719,4048.3332519531,4154.7436523438,4163.8461914062,4163.9741210938,4165.2563476562,4166.41015625,4152.1796875,4158.8461914062,4129.3588867188,4131.1538085938
4125.384765625,4131.0258789062,4129.4873046875,4060.0,4051.2819824219,4158.3334960938,4160.384765625,4165.1284179688,4163.0771484375,4167.8203125,4144.3588867188,4142.8203125,4118.0771484375,4120.2563476562
4113.58984375,4115.8974609375,4126.2822265625,4066.9230957031,4053.0769042969,4156.41015625,4160.1284179688,4165.384765625,4164.3588867188,4166.9228515625,4137.3076171875,4134.2309570312,4105.384765625,4109.7436523438
4105.1284179688,4095.6411132812,4118.7177734375,4071.41015625,4051.6667480469,4156.2822265625,4165.6411132812,4164.8715820312,4167.4360351562,4164.2309570312,4116.6665039062,4109.615234375,4086.41015625,4090.5129394531
4094.8718261719,4085.6411132812,4107.5639648438,4078.205078125,4050.6411132812,4155.7690429688,4160.384765625,4161.1538085938,4166.41015625,4163.7177734375,4100.1284179688,4091.5385742188,4071.1538085938,4076.6667480469
4095.6411132812,4092.3076171875,4109.2309570312,4098.205078125,4054.7436523438,4156.9228515625,4159.1025390625,4161.9228515625,4167.0512695312,4165.0,4105.5126953125,4101.794921875,4073.0769042969,4084.7436523438
4112.5639648438,4102.0512695312,4123.4614257812,4120.7690429688,4053.0769042969,4156.794921875,4160.7690429688,4161.9228515625,4165.5126953125,4162.9487304688,4124.615234375,4124.3588867188,4091.1538085938,4101.6665039062
4128.58984375,4107.4360351562,4142.1796875,4139.615234375,4052.6923828125,4158.58984375,4163.4614257812,4162.1796875,4161.41015625,4161.41015625,4133.8461914062,4137.1796875,4102.8203125,4112.8203125
4133.0771484375,4112.8203125,4150.5126953125,4156.5385742188,4055.1281738281,4159.3588867188,4165.7690429688,4163.205078125,4162.1796875,4163.8461914062,4128.3334960938,4138.3334960938,4102.3076171875,4117.3076171875
4137.9487304688,4119.4873046875,4147.0512695312,4173.9741210938,4054.1025390625,4152.9487304688,4161.794921875,4159.3588867188,4164.2309570312,4164.1025390625,4129.3588867188,4142.9487304688,4110.384765625,4119.4873046875
4150.384765625,4129.4873046875,4151.2822265625,4194.7436523438,4057.4357910156,4153.58984375,4164.7436523438,4162.1796875,4161.41015625,4165.0,4143.3334960938,4151.9228515625,4123.7177734375,4128.8461914062
4148.205078125,4132.5639648438,4150.6411132812,4206.0258789062,4056.794921875,4157.5639648438,4161.1538085938,4163.0771484375,4160.7690429688,4168.9741210938,4143.3334960938,4147.5639648438,4118.4614257812,4126.5385742188
4129.8715820312,4115.6411132812,4137.8203125,4210.1284179688,4054.2307128906,4157.3076171875,4157.1796875,4160.5126953125,4163.3334960938,4167.9487304688,4123.8461914062,4132.5639648438,4102.8203125,4107.5639648438
4125.7690429688,4100.0,4137.4360351562,4222.1796875,4057.8205566406,4157.9487304688,4166.1538085938,4165.6411132812,4163.9741210938,4166.794921875,4118.205078125,4130.5126953125,4104.3588867188,4106.794921875
4138.4614257812,4105.0,4143.3334960938,4240.2563476562,4058.3332519531,4156.6665039062,4165.384765625,4165.1284179688,4163.9741210938,4169.2309570312,4132.3076171875,4140.7690429688,4122.6923828125,4120.384765625
4149.7436523438,4113.205078125,4141.9228515625,4259.4873046875,4058.7180175781,4157.8203125,4160.0,4160.6411132812,4164.8715820312,4169.1025390625,4137.9487304688,4141.5385742188,4127.4360351562,4124.4873046875
4153.7177734375,4115.7690429688,4140.8974609375,4275.8974609375,4057.1794433594,4158.4614257812,4158.58984375,4160.0,4166.794921875,4167.4360351562,4133.205078125,4141.5385742188,4118.8461914062,4124.2309570312
4153.0771484375,4115.7690429688,4146.5385742188,4289.615234375,4055.7692871094,4157.9487304688,4160.2563476562,4161.1538085938,4166.41015625,4165.8974609375,4136.1538085938,4149.1025390625,4118.0771484375,4127.6923828125
4151.0258789062,4110.1284179688,4149.615234375,4302.6923828125,4060.0,4156.6665039062,4163.0771484375,4165.5126953125,4163.3334960938,4166.41015625,4137.4360351562,4146.6665039062,4117.5639648438,4126.2822265625
4148.205078125,4105.2563476562,4141.0258789062,4313.3334960938,4058.0769042969,4150.7690429688,4156.9228515625,4167.4360351562,4163.8461914062,4166.1538085938,4129.4873046875,4137.6923828125,4107.3076171875,4116.6665039062
4147.0512695312,4110.0,4133.9741210938,4322.4360351562,4058.58984375,4153.4614257812,4157.8203125,4166.0258789062,4167.3076171875,4166.1538085938,4125.1284179688,4135.6411132812,4099.1025390625,4113.58984375
4145.7690429688,4117.5639648438,4134.3588867188,4333.0771484375,4064.4870605469,4155.8974609375,4162.9487304688,4161.9228515625,4165.2563476562,4168.9741210938,4128.9741210938,4136.0258789062,4104.7436523438,4119.615234375
4144.2309570312,4116.6665039062,4134.615234375,4345.0,4063.3332519531,4152.9487304688,4161.9228515625,4160.5126953125,4161.9228515625,4168.58984375,4130.7690429688,4134.7436523438,4112.0512695312,4116.9228515625
4151.2822265625,4112.6923828125,4137.4360351562,4360.384765625,4065.1281738281,4156.5385742188,4166.1538085938,4167.8203125,4164.4873046875,4165.0,4127.4360351562,4136.2822265625,4113.58984375,4112.3076171875
4155.6411132812,4112.8203125,4140.7690429688,4374.2309570312,4066.794921875,4155.1284179688,4162.0512695312,4166.794921875,4163.9741210938,4167.4360351562,4131.6665039062,4141.9228515625,4121.9228515625,4115.7690429688
4149.2309570312,4113.8461914062,4144.615234375,4387.0512695312,4065.6411132812,4153.205078125,4158.3334960938,4162.8203125,4162.0512695312,4170.7690429688,4140.7690429688,4147.6923828125,4134.8715820312,4123.8461914062
4151.0258789062,4115.6411132812,4145.8974609375,4403.9741210938,4066.41015625,4155.6411132812,4161.0258789062,4163.0771484375,4165.384765625,4167.6923828125,4144.7436523438,4154.1025390625,4143.4614257812,4133.205078125
4161.0258789062,4119.1025390625,4146.41015625,4419.1025390625,4064.8718261719,4153.9741210938,4158.0771484375,4159.4873046875,4168.58984375,4165.2563476562,4147.3076171875,4161.9228515625,4146.9228515625,4133.0771484375
4168.7177734375,4127.0512695312,4155.2563476562,4439.4873046875,4065.3845214844,4156.9228515625,4164.4873046875,4162.3076171875,4166.794921875,4167.3076171875,4152.1796875,4165.8974609375,4149.3588867188,4134.3588867188
4177.4360351562,4141.6665039062,4164.8715820312,4464.4873046875,4066.41015625,4158.7177734375,4165.8974609375,4162.5639648438,4163.58984375,4167.1796875,4161.1538085938,4172.9487304688,4158.3334960938,4145.8974609375
4180.1284179688,4145.6411132812,4166.5385742188,4480.6411132812,4068.4614257812,4155.2563476562,4159.4873046875,4159.615234375,4162.8203125,4166.1538085938,4164.3588867188,4180.6411132812,4164.2309570312,4150.5126953125
4168.4614257812,4128.7177734375,4154.7436523438,4485.7690429688,4070.6411132812,4155.8974609375,4161.6665039062,4163.8461914062,4164.3588867188,4167.9487304688,4156.794921875,4176.0258789062,4154.1025390625,4141.41015625
4162.8203125,4117.8203125,4144.7436523438,4493.8461914062,4068.9743652344,4156.794921875,4162.0512695312,4163.205078125,4165.1284179688,4167.5639648438,4157.4360351562,4172.0512695312,4148.58984375,4137.8203125
4167.6923828125,4120.8974609375,4152.4360351562,4512.1796875,4072.5642089844,4158.3334960938,4164.2309570312,4161.794921875,4163.58984375,4165.384765625,4165.1284179688,4176.9228515625,4153.8461914062,4147.3076171875
4163.3334960938,4119.8715820312,4156.0258789062,4523.58984375,4072.4357910156,4158.9741210938,4163.8461914062,4162.3076171875,4161.9228515625,4167.0512695312,4165.0,4182.0512695312,4152.8203125,4149.3588867188
4160.6411132812,4116.5385742188,4149.2309570312,4531.41015625,4068.4614257812,4157.5639648438,4163.3334960938,4163.7177734375,4164.7436523438,4170.5126953125,4160.2563476562,4179.2309570312,4143.205078125,4143.4614257812
4171.1538085938,4125.7690429688,4151.5385742188,4547.5639648438,4071.5385742188,4156.794921875,4164.615234375,4164.4873046875,4166.6665039062,4165.384765625,4162.3076171875,4172.4360351562,4140.8974609375,4146.2822265625
4180.5126953125,4145.6411132812,4160.384765625,4563.58984375,4072.9487304688,4153.9741210938,4156.9228515625,4159.7436523438,4163.3334960938,4160.5126953125,4169.615234375,4176.5385742188,4152.1796875,4150.2563476562
4184.1025390625,4157.0512695312,4166.41015625,4576.0258789062,4074.8718261719,4156.6665039062,4158.9741210938,4163.0771484375,4162.5639648438,4165.7690429688,4170.384765625,4181.5385742188,4158.4614257812,4150.2563476562
4189.3588867188,4161.0258789062,4172.0512695312,4590.1284179688,4075.2563476562,4160.0,4165.8974609375,4169.4873046875,4165.7690429688,4167.8203125,4172.9487304688,4178.9741210938,4161.0258789062,4152.9487304688
4200.2563476562,4171.2822265625,4178.0771484375,4609.4873046875,4072.5642089844,4156.6665039062,4160.8974609375,4168.0771484375,4165.6411132812,4166.2822265625,4181.0258789062,4184.3588867188,4170.7690429688,4158.0771484375
4201.9228515625,4178.58984375,4176.1538085938,4623.0771484375,4076.794921875,4154.3588867188,4158.7177734375,4165.1284179688,4164.615234375,4165.5126953125,4177.4360351562,4190.1284179688,4172.4360351562,4158.3334960938
4183.4614257812,4168.205078125,4163.7177734375,4621.41015625,4080.1281738281,4152.4360351562,4158.205078125,4161.1538085938,4164.2309570312,4163.58984375,4162.5639648438,4178.7177734375,4163.58984375,4144.3588867188
4168.3334960938,4148.8461914062,4154.615234375,4620.1284179688,4079.4870605469,4155.6411132812,4160.6411132812,4163.205078125,4164.3588867188,4163.8461914062,4154.1025390625,4163.58984375,4154.615234375,4131.5385742188
4168.7177734375,4139.3588867188,4149.8715820312,4627.9487304688,4077.5642089844,4157.3076171875,4162.8203125,4164.3588867188,4164.2309570312,4166.794921875,4157.3076171875,4161.794921875,4145.384765625,4135.6411132812
4173.8461914062,4144.4873046875,4151.9228515625,4640.2563476562,4076.1538085938,4153.3334960938,4160.6411132812,4160.5126953125,4162.6923828125,4165.7690429688,4166.9228515625,4170.7690429688,4145.6411132812,4144.2309570312
4183.8461914062,4159.4873046875,4166.9228515625,4657.6923828125,4080.5129394531,4155.1284179688,4162.3076171875,4164.2309570312,4164.7436523438,4164.8715820312,4176.5385742188,4182.1796875,4161.6665039062,4153.8461914062
4191.6665039062,4172.9487304688,4172.6923828125,4671.5385742188,4082.4357910156,4155.0,4158.4614257812,4165.1284179688,4167.1796875,4169.1025390625,4180.0,4189.8715820312,4171.1538085938,4156.794921875
4194.2309570312,4178.4614257812,4171.1538085938,4681.9228515625,4082.5642089844,4153.8461914062,4161.1538085938,4161.1538085938,4165.0,4169.8715820312,4180.384765625,4192.9487304688,4166.6665039062,4153.58984375
4197.3076171875,4173.8461914062,4173.9741210938,4692.6923828125,4085.2563476562,4158.0771484375,4168.4614257812,4160.8974609375,4163.8461914062,4166.2822265625,4176.794921875,4189.615234375,4159.7436523438,4151.5385742188
4189.7436523438,4160.0,4171.794921875,4701.2822265625,4084.4870605469,4157.4360351562,4161.9228515625,4161.5385742188,4167.0512695312,4163.4614257812,4170.384765625,4176.6665039062,4154.4873046875,4145.0
4176.6665039062,4152.5639648438,4169.7436523438,4713.7177734375,4085.2563476562,4156.41015625,4163.9741210938,4165.0,4167.6923828125,4164.615234375,4170.6411132812,4167.1796875,4153.8461914062,4140.2563476562
4174.615234375,4150.8974609375,4167.3076171875,4724.8715820312,4084.1025390625,4156.1538085938,4165.1284179688,4164.615234375,4163.7177734375,4168.8461914062,4175.8974609375,4171.794921875,4158.8461914062,4138.0771484375
4174.3588867188,4142.5639648438,4159.8715820312,4730.7690429688,4083.58984375,4155.8974609375,4156.41015625,4160.2563476562,4164.1025390625,4169.4873046875,4172.3076171875,4168.58984375,4160.0,4131.6665039062
4175.0,4140.5126953125,4160.384765625,4738.3334960938,4087.6923828125,4158.9741210938,4157.1796875,4161.9228515625,4167.3076171875,4164.8715820312,4169.7436523438,4162.3076171875,4159.3588867188,4133.7177734375
4185.5126953125,4152.6923828125,4170.8974609375,4752.0512695312,4086.2819824219,4158.4614257812,4160.7690429688,4162.6923828125,4164.1025390625,4161.41015625,4190.5126953125,4181.2822265625,4173.4614257812,4150.7690429688
4195.8974609375,4161.0258789062,4181.1538085938,4774.4873046875,4087.4357910156,4156.2822265625,4165.8974609375,4163.4614257812,4160.384765625,4164.8715820312,4210.384765625,4206.6665039062,4191.794921875,4168.7177734375
4199.615234375,4161.9228515625,4182.6923828125,4789.2309570312,4088.9743652344,4151.9228515625,4163.4614257812,4162.1796875,4163.0771484375,4168.4614257812,4208.8461914062,4210.7690429688,4189.2309570312,4173.0771484375
4206.1538085938,4166.5385742188,4183.3334960938,4792.3076171875,4087.8205566406,4151.5385742188,4156.794921875,4156.5385742188,4167.3076171875,4166.1538085938,4206.9228515625,4210.7690429688,4174.615234375,4173.0771484375
4213.58984375,4173.8461914062,4189.3588867188,4801.794921875,4091.41015625,4159.1025390625,4162.9487304688,4159.615234375,4167.8203125,4166.6665039062,4209.8715820312,4217.6923828125,4173.3334960938,4181.1538085938
4207.5639648438,4174.615234375,4189.4873046875,4812.5639648438,4090.1281738281,4156.5385742188,4163.8461914062,4164.7436523438,4163.8461914062,4171.794921875,4203.4614257812,4211.6665039062,4175.1284179688,4179.2309570312
4195.8974609375,4167.9487304688,4182.0512695312,4816.5385742188,4089.6154785156,4154.1025390625,4163.3334960938,4164.615234375,4164.1025390625,4168.58984375,4189.7436523438,4192.9487304688,4161.794921875,4164.2309570312
4194.3588867188,4166.2822265625,4177.8203125,4822.0512695312,4092.4357910156,4158.0771484375,4165.2563476562,4162.5639648438,4166.6665039062,4161.41015625,4185.2563476562,4187.6923828125,4152.8203125,4162.6923828125
4200.2563476562,4176.2822265625,4180.0,4833.58984375,4091.1538085938,4155.7690429688,4160.384765625,4161.5385742188,4165.6411132812,4163.3334960938,4193.4614257812,4200.6411132812,4164.4873046875,4172.4360351562
4203.205078125,4185.7690429688,4182.6923828125,4843.58984375,4091.2819824219,4154.7436523438,4163.3334960938,4165.5126953125,4165.7690429688,4167.6923828125,4199.3588867188,4207.6923828125,4173.8461914062,4176.41015625
4198.8461914062,4185.8974609375,4183.4614257812,4848.205078125,4090.3845214844,4154.7436523438,4165.1284179688,4164.615234375,4164.7436523438,4168.58984375,4198.205078125,4205.5126953125,4172.1796875,4173.3334960938
4200.5126953125,4185.6411132812,4190.1284179688,4859.7436523438,4091.0256347656,4155.2563476562,4163.4614257812,4164.7436523438,4164.4873046875,4168.0771484375,4203.205078125,4211.6665039062,4174.7436523438,4177.6923828125
4203.4614257812,4191.0258789062,4193.205078125,4876.1538085938,4094.6154785156,4156.5385742188,4163.58984375,4165.2563476562,4166.2822265625,4163.8461914062,4208.3334960938,4217.1796875,4176.1538085938,4183.4614257812
4196.6665039062,4196.794921875,4185.2563476562,4882.3076171875,4092.8205566406,4153.8461914062,4161.41015625,4159.3588867188,4165.8974609375,4159.7436523438,4200.0,4208.205078125,4167.9487304688,4176.5385742188
4188.58984375,4198.7177734375,4180.7690429688,4881.794921875,4096.6665039062,4156.0258789062,4165.1284179688,4160.6411132812,4164.8715820312,4164.7436523438,4188.0771484375,4193.8461914062,4156.794921875,4173.7177734375
4186.5385742188,4196.9228515625,4183.205078125,4886.5385742188,4100.0,4157.9487304688,4162.6923828125,4161.1538085938,4164.4873046875,4170.5126953125,4191.1538085938,4198.0771484375,4159.7436523438,4178.9741210938
4190.384765625,4197.0512695312,4189.1025390625,4897.4360351562,4095.1281738281,4156.1538085938,4158.58984375,4160.1284179688,4162.5639648438,4167.3076171875,4201.2822265625,4213.205078125,4174.2309570312,4180.0
4191.6665039062,4197.1796875,4191.41015625,4905.8974609375,4096.41015625,4156.9228515625,4163.9741210938,4163.58984375,4162.6923828125,4166.9228515625,4200.5126953125,4213.3334960938,4182.1796875,4178.8461914062
4186.0258789062,4191.41015625,4183.205078125,4908.7177734375,4100.8974609375,4155.0,4161.6665039062,4160.6411132812,4165.8974609375,4168.58984375,4195.8974609375,4205.2563476562,4187.6923828125,4175.7690429688
4182.4360351562,4183.58984375,4181.9228515625,4914.615234375,4103.0771484375,4155.2563476562,4161.1538085938,4160.1284179688,4166.1538085938,4167.5639648438,4198.205078125,4203.4614257812,4195.8974609375,4176.0258789062
4183.9741210938,4181.0258789062,4184.8715820312,4920.1284179688,4101.0258789062,4155.8974609375,4162.1796875,4163.205078125,4166.794921875,4169.3588867188,4203.58984375,4208.0771484375,4199.615234375,4181.2822265625
4180.6411132812,4179.2309570312,4185.6411132812,4925.384765625,4099.1025390625,4155.384765625,4161.1538085938,4162.1796875,4168.58984375,4169.2309570312,4200.6411132812,4206.6665039062,4190.0,4178.7177734375
4167.9487304688,4167.6923828125,4181.2822265625,4928.8461914062,4100.0,4157.1796875,4164.615234375,4165.6411132812,4165.6411132812,4168.8461914062,4185.1284179688,4188.3334960938,4171.794921875,4162.3076171875
4157.0512695312,4156.794921875,4167.0512695312,4926.41015625,4100.0,4154.615234375,4160.1284179688,4167.4360351562,4162.9487304688,4170.5126953125,4175.5126953125,4173.205078125,4160.5126953125,4147.3076171875
4159.4873046875,4154.4873046875,4164.7436523438,4931.794921875,4105.5126953125,4155.2563476562,4160.0,4166.794921875,4165.1284179688,4168.8461914062,4173.58984375,4176.9228515625,4159.1025390625,4150.6411132812
4165.7690429688,4154.2309570312,4171.41015625,4940.5126953125,4106.794921875,4157.5639648438,4163.4614257812,4165.8974609375,4164.7436523438,4166.2822265625,4168.9741210938,4180.8974609375,4162.0512695312,4156.9228515625
4159.2309570312,4155.0,4168.205078125,4941.5385742188,4102.3076171875,4155.5126953125,4161.2822265625,4163.9741210938,4162.0512695312,4168.7177734375,4164.8715820312,4170.0,4163.58984375,4148.0771484375
4147.8203125,4155.0,4161.2822265625,4943.205078125,4105.7690429688,4154.7436523438,4165.5126953125,4166.2822265625,4163.8461914062,4169.7436523438,4157.4360351562,4154.615234375,4153.3334960938,4139.4873046875
4142.5639648438,4158.3334960938,4158.8461914062,4947.0512695312,4106.6665039062,4153.0771484375,4163.0771484375,4162.9487304688,4166.1538085938,4166.6665039062,4151.9228515625,4154.3588867188,4143.7177734375,4143.205078125
4151.0258789062,4168.3334960938,4162.9487304688,4955.7690429688,4105.8974609375,4154.3588867188,4158.3334960938,4161.794921875,4165.7690429688,4166.6665039062,4166.0258789062,4170.384765625,4157.5639648438,4158.7177734375
4161.794921875,4176.9228515625,4167.9487304688,4966.0258789062,4107.8203125,4157.6923828125,4158.9741210938,4165.2563476562,4165.0,4166.41015625,4190.0,4185.7690429688,4179.4873046875,4170.384765625
4162.9487304688,4184.4873046875,4174.4873046875,4976.2822265625,4107.4360351562,4157.9487304688,4159.1025390625,4163.205078125,4166.5385742188,4167.6923828125,4199.8715820312,4194.3588867188,4188.3334960938,4169.1025390625
4168.7177734375,4192.5639648438,4182.1796875,4990.2563476562,4108.7177734375,4158.7177734375,4164.3588867188,4165.7690429688,4168.4614257812,4166.6665039062,4201.1538085938,4200.8974609375,4192.5639648438,4176.2822265625
4174.2309570312,4189.1025390625,4179.1025390625,4993.0771484375,4108.3334960938,4154.615234375,4162.1796875,4166.5385742188,4165.5126953125,4161.1538085938,4202.6923828125,4200.6411132812,4198.8461914062,4181.41015625
4165.5126953125,4173.3334960938,4171.41015625,4986.1538085938,4110.384765625,4152.6923828125,4158.4614257812,4160.8974609375,4163.4614257812,4163.7177734375,4190.8974609375,4185.5126953125,4193.58984375,4166.6665039062
4159.1025390625,4166.1538085938,4168.4614257812,4988.9741210938,4113.9741210938,4156.5385742188,4161.0258789062,4158.9741210938,4167.1796875,4165.384765625,4175.2563476562,4172.8203125,4176.6665039062,4156.9228515625
4161.41015625,4165.0,4166.0258789062,4993.7177734375,4109.4873046875,4154.3588867188,4159.4873046875,4161.0258789062,4167.4360351562,4163.3334960938,4170.2563476562,4170.0,4163.0771484375,4154.8715820312
4160.5126953125,4159.7436523438,4165.6411132812,4995.1284179688,4111.6665039062,4154.7436523438,4165.2563476562,4164.615234375,4164.8715820312,4165.2563476562,4168.3334960938,4164.2309570312,4159.4873046875,4150.6411132812
4155.5126953125,4155.6411132812,4162.3076171875,4997.5639648438,4116.0258789062,4156.794921875,4166.41015625,4163.3334960938,4163.8461914062,4163.8461914062,4161.2822265625,4155.5126953125,4162.5639648438,4146.5385742188
4151.0258789062,4151.5385742188,4152.5639648438,4998.7177734375,4114.2309570312,4155.5126953125,4160.1284179688,4160.1284179688,4163.4614257812,4161.9228515625,4152.0512695312,4150.5126953125,4158.9741210938,4139.3588867188
4145.0,4147.3076171875,4149.3588867188,4998.4614257812,4116.0258789062,4156.794921875,4161.2822265625,4163.4614257812,4163.8461914062,4165.0,4148.0771484375,4147.3076171875,4153.0771484375,4133.9741210938
4139.7436523438,4147.6923828125,4152.8203125,5001.0258789062,4115.8974609375,4155.5126953125,4159.3588867188,4164.615234375,4164.7436523438,4166.0258789062,4149.7436523438,4144.1025390625,4158.4614257812,4133.0771484375
4139.3588867188,4146.2822265625,4153.9741210938,5004.7436523438,4114.8715820312,4156.6665039062,4162.9487304688,4166.1538085938,4166.794921875,4164.4873046875,4142.8203125,4141.5385742188,4155.384765625,4132.4360351562
4139.3588867188,4139.7436523438,4147.5639648438,5005.5126953125,4114.7436523438,4157.8203125,4166.0258789062,4166.0258789062,4166.5385742188,4168.205078125,4133.8461914062,4134.8715820312,4143.0771484375,4130.5126953125
4137.1796875,4135.8974609375,4142.6923828125,5008.4614257812,4114.3588867188,4154.7436523438,4159.3588867188,4162.5639648438,4163.4614257812,4167.3076171875,4134.7436523438,4129.615234375,4141.5385742188,4124.8715820312
4133.8461914062,4132.9487304688,4141.0258789062,5012.5639648438,4119.2309570312,4157.8203125,4159.3588867188,4165.384765625,4163.3334960938,4164.8715820312,4128.8461914062,4124.2309570312,4137.3076171875,4116.2822265625
4125.1284179688,4123.4614257812,4133.4614257812,5010.5126953125,4120.384765625,4159.8715820312,4159.615234375,4163.8461914062,4164.615234375,4169.2309570312,4115.1284179688,4115.2563476562,4126.794921875,4105.1284179688
4114.1025390625,4108.0771484375,4128.7177734375,5008.0771484375,4116.2822265625,4157.6923828125,4162.1796875,4162.8203125,4165.6411132812,4169.4873046875,4102.9487304688,4101.0258789062,4119.1025390625,4093.4614257812
4109.2309570312,4099.2309570312,4125.0,5006.9228515625,4115.1284179688,4153.8461914062,4164.8715820312,4164.4873046875,4164.3588867188,4164.615234375,4093.205078125,4085.2563476562,4108.3334960938,4085.5129394531
4111.5385742188,4098.7177734375,4119.1025390625,5009.3588867188,4118.9741210938,4152.9487304688,4158.7177734375,4161.794921875,4161.41015625,4162.4360351562,4091.0256347656,4082.1794433594,4100.6411132812,4084.7436523438
4116.1538085938,4095.5129394531,4117.8203125,5016.794921875,4124.1025390625,4158.7177734375,4157.0512695312,4162.1796875,4162.9487304688,4165.2563476562,4092.4357910156,4084.2307128906,4103.9741210938,4093.0769042969
4119.1025390625,4093.8461914062,4116.9228515625,5019.615234375,4120.0,4157.1796875,4157.5639648438,4160.2563476562,4167.0512695312,4169.1025390625,4096.1538085938,4091.41015625,4111.1538085938,4099.4873046875
4123.9741210938,4097.5639648438,4121.5385742188,5024.4873046875,4119.7436523438,4154.8715820312,4161.41015625,4159.615234375,4166.6665039062,4169.2309570312,4101.5385742188,4100.8974609375,4111.6665039062,4098.205078125
4125.6411132812,4093.0769042969,4127.9487304688,5032.8203125,4126.5385742188,4157.8203125,4165.0,4163.4614257812,4164.8715820312,4164.2309570312,4099.3588867188,4097.1796875,4106.9228515625,4097.4360351562
4124.3588867188,4089.4870605469,4124.4873046875,5036.0258789062,4125.7690429688,4155.384765625,4160.8974609375,4163.8461914062,4165.0,4161.6665039062,4094.7436523438,4097.3076171875,4108.9741210938,4099.7436523438
4128.58984375,4098.3334960938,4120.8974609375,5042.8203125,4125.2563476562,4155.7690429688,4162.8203125,4164.8715820312,4165.5126953125,4166.5385742188,4103.8461914062,4111.2822265625,4118.0771484375,4106.9228515625
4129.2309570312,4106.1538085938,4122.4360351562,5048.9741210938,4124.615234375,4158.3334960938,4162.0512695312,4162.3076171875,4165.5126953125,4168.4614257812,4114.3588867188,4118.4614257812,4119.4873046875,4107.1796875
4127.6923828125,4108.4614257812,4127.6923828125,5049.7436523438,4122.8203125,4158.4614257812,4159.4873046875,4161.1538085938,4167.0512695312,4165.1284179688,4111.0258789062,4114.615234375,4115.1284179688,4100.5126953125
4130.7690429688,4107.4360351562,4133.4614257812,5056.5385742188,4125.2563476562,4157.5639648438,4165.384765625,4165.8974609375,4167.9487304688,4166.1538085938,4105.0,4113.3334960938,4112.9487304688,4100.5126953125
4129.3588867188,4103.0771484375,4130.8974609375,5065.7690429688,4124.4873046875,4152.5639648438,4163.0771484375,4164.4873046875,4165.0,4167.1796875,4108.7177734375,4115.1284179688,4113.8461914062,4099.7436523438
4132.1796875,4106.9228515625,4128.9741210938,5075.1284179688,4127.6923828125,4154.7436523438,4161.5385742188,4162.4360351562,4163.8461914062,4167.1796875,4118.0771484375,4119.3588867188,4120.7690429688,4103.7177734375
4137.4360351562,4113.8461914062,4132.9487304688,5081.6665039062,4133.3334960938,4160.7690429688,4161.6665039062,4162.1796875,4166.0258789062,4170.1284179688,4120.1284179688,4127.1796875,4122.8203125,4109.8715820312
4133.205078125,4108.205078125,4135.6411132812,5085.8974609375,4131.5385742188,4159.2309570312,4159.8715820312,4161.794921875,4165.8974609375,4169.2309570312,4116.5385742188,4126.9228515625,4112.5639648438,4105.5126953125
4137.4360351562,4108.9741210938,4138.7177734375,5094.2309570312,4130.2563476562,4158.205078125,4165.8974609375,4164.8715820312,4164.8715820312,4166.6665039062,4120.7690429688,4127.4360351562,4110.5126953125,4108.9741210938
4152.9487304688,4127.0512695312,4143.3334960938,5107.1796875,4128.8461914062,4158.205078125,4164.4873046875,4163.4614257812,4164.3588867188,4169.1025390625,4136.0258789062,4140.2563476562,4127.1796875,4125.0
4159.7436523438,4135.1284179688,4147.5639648438,5121.6665039062,4130.8974609375,4159.4873046875,4162.3076171875,4161.794921875,4164.8715820312,4168.9741210938,4143.58984375,4146.794921875,4136.6665039062,4135.384765625
4158.58984375,4125.8974609375,4144.4873046875,5125.8974609375,4132.6923828125,4158.58984375,4164.615234375,4161.41015625,4164.1025390625,4163.8461914062,4135.6411132812,4140.2563476562,4132.0512695312,4133.4614257812
4157.9487304688,4114.8715820312,4142.0512695312,5122.6923828125,4131.0258789062,4156.9228515625,4161.794921875,4159.8715820312,4161.9228515625,4163.205078125,4130.2563476562,4137.0512695312,4133.205078125,4127.9487304688
4161.1538085938,4117.0512695312,4148.4614257812,5131.41015625,4134.2309570312,4162.1796875,4165.6411132812,4165.384765625,4163.3334960938,4166.794921875,4132.6923828125,4140.2563476562,4140.384765625,4133.3334960938
4170.0,4131.1538085938,4153.3334960938,5143.58984375,4134.1025390625,4157.4360351562,4164.2309570312,4167.1796875,4163.58984375,4167.9487304688,4138.205078125,4147.6923828125,4148.3334960938,4145.6411132812
4175.384765625,4136.9228515625,4154.4873046875,5145.384765625,4133.205078125,4153.0771484375,4161.41015625,4162.9487304688,4162.1796875,4168.205078125,4140.5126953125,4150.7690429688,4154.3588867188,4150.7690429688
4169.1025390625,4131.5385742188,4149.8715820312,5143.0771484375,4135.5126953125,4159.615234375,4162.9487304688,4165.1284179688,4164.3588867188,4168.8461914062,4136.9228515625,4144.2309570312,4151.5385742188,4146.41015625
4161.5385742188,4135.7690429688,4145.0,5144.7436523438,4135.5126953125,4162.9487304688,4160.2563476562,4167.4360351562,4166.41015625,4168.58984375,4138.7177734375,4144.1025390625,4150.384765625,4139.2309570312
4158.0771484375,4143.3334960938,4147.5639648438,5146.6665039062,4136.9228515625,4163.8461914062,4165.0,4166.9228515625,4167.0512695312,4167.9487304688,4139.1025390625,4143.58984375,4156.0258789062,4134.7436523438
4150.384765625,4137.1796875,4145.8974609375,5144.4873046875,4134.615234375,4158.7177734375,4165.5126953125,4164.3588867188,4166.41015625,4166.9228515625,4130.8974609375,4128.8461914062,4156.9228515625,4129.1025390625
4166.2822265625,4146.1538085938,4148.8461914062,5177.1796875,4138.205078125,4157.4360351562,4163.4614257812,4161.5385742188,4167.1796875,4170.5126953125,4143.205078125,4143.7177734375,4156.6665039062,4146.6665039062
4163.3334960938,4147.9487304688,4145.8974609375,5178.58984375,4137.8203125,4156.41015625,4159.1025390625,4161.2822265625,4167.9487304688,4168.7177734375,4143.7177734375,4140.8974609375,4155.384765625,4143.8461914062
4160.384765625,4140.5126953125,4141.1538085938,5176.2822265625,4140.0,4159.8715820312,4161.41015625,4160.384765625,4164.615234375,4166.794921875,4144.3588867188,4136.6665039062,4147.5639648438,4139.2309570312
4155.384765625,4131.1538085938,4140.7690429688,5175.1284179688,4142.6923828125,4157.5639648438,4162.8203125,4164.7436523438,4164.3588867188,4168.9741210938,4137.1796875,4124.8715820312,4140.5126953125,4136.9228515625
4149.1025390625,4125.6411132812,4138.58984375,5175.8974609375,4137.8203125,4153.3334960938,4157.1796875,4165.7690429688,4166.0258789062,4168.8461914062,4133.4614257812,4121.41015625,4140.6411132812,4132.8203125
4149.1025390625,4120.1284179688,4132.1796875,5178.4614257812,4139.8715820312,4158.4614257812,4160.6411132812,4164.4873046875,4164.7436523438,4166.41015625,4132.9487304688,4118.9741210938,4138.9741210938,4128.0771484375
4151.41015625,4119.7436523438,4125.8974609375,5179.3588867188,4142.1796875,4157.6923828125,4159.615234375,4160.1284179688,4162.6923828125,4168.0771484375,4136.1538085938,4116.1538085938,4142.3076171875,4125.1284179688
4149.7436523438,4126.2822265625,4135.6411132812,5186.41015625,4139.8715820312,4157.8203125,4158.9741210938,4159.8715820312,4162.9487304688,4168.7177734375,4144.8715820312,4128.58984375,4152.1796875,4124.615234375
4145.0,4123.58984375,4141.6665039062,5187.8203125,4138.7177734375,4161.41015625,4163.8461914062,4164.7436523438,4164.1025390625,4166.0258789062,4142.5639648438,4127.1796875,4150.8974609375,4123.3334960938
4145.2563476562,4118.205078125,4131.794921875,5182.3076171875,4137.8203125,4159.4873046875,4161.41015625,4163.9741210938,4165.8974609375,4168.58984375,4137.4360351562,4113.3334960938,4145.2563476562,4124.3588867188
4153.7177734375,4128.0771484375,4136.9228515625,5190.384765625,4143.3334960938,4157.9487304688,4161.9228515625,4163.7177734375,4167.5639648438,4167.0512695312,4147.9487304688,4131.6665039062,4152.9487304688,4136.5385742188
4157.4360351562,4136.2822265625,4151.2822265625,5198.8461914062,4146.41015625,4156.794921875,4159.1025390625,4163.8461914062,4167.3076171875,4157.0512695312,4158.9741210938,4166.5385742188,4160.8974609375,4142.4360351562
4150.7690429688,4126.41015625,4152.4360351562,5191.2822265625,4146.2822265625,4157.1796875,4157.5639648438,4163.58984375,4165.6411132812,4158.9741210938,4153.4614257812,4171.794921875,4153.4614257812,4132.9487304688
4151.5385742188,4122.4360351562,4148.9741210938,5184.3588867188,4146.5385742188,4158.8461914062,4163.4614257812,4164.2309570312,4162.9487304688,4170.6411132812,4151.1538085938,4164.1025390625,4148.4614257812,4131.9228515625
4158.0771484375,4136.5385742188,4154.7436523438,5191.5385742188,4144.2309570312,4156.41015625,4162.3076171875,4162.4360351562,4163.9741210938,4170.6411132812,4156.2822265625,4174.2309570312,4154.1025390625,4140.0
4160.8974609375,4143.58984375,4165.384765625,5203.9741210938,4147.3076171875,4157.0512695312,4162.6923828125,4164.615234375,4168.0771484375,4165.5126953125,4157.4360351562,4187.9487304688,4155.5126953125,4145.7690429688
4168.58984375,4149.1025390625,4171.794921875,5206.6665039062,4148.0771484375,4156.794921875,4162.3076171875,4161.794921875,4165.0,4168.205078125,4168.3334960938,4202.1796875,4164.615234375,4153.0771484375
4177.4360351562,4156.1538085938,4176.5385742188,5203.0771484375,4145.2563476562,4153.8461914062,4158.8461914062,4157.0512695312,4162.0512695312,4169.615234375,4171.5385742188,4211.6665039062,4176.1538085938,4157.1796875
4182.9487304688,4155.384765625,4186.0258789062,5206.2822265625,4146.5385742188,4157.6923828125,4162.8203125,4162.3076171875,4167.3076171875,4166.1538085938,4159.4873046875,4216.1538085938,4171.794921875,4160.6411132812
4193.0771484375,4161.2822265625,4200.8974609375,5212.6923828125,4144.2309570312,4158.9741210938,4162.5639648438,4165.6411132812,4165.8974609375,4165.384765625,4171.5385742188,4242.0512695312,4176.6665039062,4173.58984375
4195.1284179688,4167.0512695312,4206.9228515625,5211.2822265625,4146.1538085938,4157.5639648438,4160.0,4165.8974609375,4160.5126953125,4167.0512695312,4180.384765625,4260.1284179688,4179.615234375,4176.41015625
4178.205078125,4154.615234375,4194.1025390625,5203.9741210938,4149.2309570312,4155.5126953125,4157.1796875,4162.3076171875,4161.9228515625,4168.58984375,4151.794921875,4240.1284179688,4156.1538085938,4155.0
4171.5385742188,4142.9487304688,4190.2563476562,5202.6923828125,4148.205078125,4153.7177734375,4157.5639648438,4157.9487304688,4163.58984375,4167.8203125,4143.205078125,4232.9487304688,4150.1284179688,4147.4360351562
4182.9487304688,4151.41015625,4206.0258789062,5210.1284179688,4150.2563476562,4160.384765625,4164.8715820312,4162.0512695312,4163.58984375,4166.5385742188,4162.4360351562,4251.794921875,4169.2309570312,4162.6923828125
4176.1538085938,4151.6665039062,4204.7436523438,5210.2563476562,4150.0,4159.3588867188,4163.0771484375,4164.3588867188,4166.2822265625,4168.205078125,4147.6923828125,4244.3588867188,4163.8461914062,4157.3076171875
4166.41015625,4139.7436523438,4194.1025390625,5208.7177734375,4151.794921875,4154.4873046875,4163.205078125,4168.58984375,4169.1025390625,4170.1284179688,4128.9741210938,4228.8461914062,4148.3334960938,4151.0258789062
4182.4360351562,4147.3076171875,4199.1025390625,5215.0,4155.1284179688,4156.6665039062,4164.4873046875,4169.4873046875,4167.1796875,4165.384765625,4146.2822265625,4244.615234375,4156.6665039062,4169.3588867188
4197.5639648438,4166.5385742188,4206.6665039062,5222.3076171875,4152.3076171875,4158.0771484375,4157.6923828125,4161.2822265625,4164.8715820312,4162.0512695312,4153.3334960938,4257.9487304688,4164.1025390625,4177.9487304688
4201.1538085938,4182.3076171875,4216.0258789062,5232.1796875,4153.7177734375,4159.4873046875,4160.2563476562,4162.4360351562,4166.9228515625,4166.41015625,4145.8974609375,4257.4360351562,4165.384765625,4185.1284179688
4211.6665039062,4198.4614257812,4230.7690429688,5242.3076171875,4156.0258789062,4158.3334960938,4161.2822265625,4167.4360351562,4168.7177734375,4170.1284179688,4163.205078125,4271.794921875,4184.3588867188,4210.384765625
4215.0,4198.58984375,4233.9741210938,5245.6411132812,4155.2563476562,4157.3076171875,4162.4360351562,4167.9487304688,4167.0512695312,4169.2309570312,4173.205078125,4275.2563476562,4196.794921875,4216.1538085938
4195.2563476562,4179.1025390625,4216.6665039062,5239.3588867188,4156.794921875,4158.8461914062,4164.7436523438,4167.3076171875,4162.9487304688,4164.7436523438,4150.8974609375,4246.6665039062,4181.9228515625,4186.5385742188
4173.0771484375,4163.4614257812,4195.0,5226.6665039062,4156.41015625,4157.9487304688,4157.5639648438,4162.4360351562,4160.7690429688,4162.3076171875,4130.7690429688,4221.1538085938,4164.3588867188,4156.2822265625
4161.9228515625,4151.0258789062,4184.615234375,5217.6923828125,4156.41015625,4160.8974609375,4161.5385742188,4163.58984375,4163.8461914062,4166.41015625,4116.2822265625,4206.9228515625,4151.9228515625,4148.0771484375
4162.0512695312,4143.9741210938,4183.9741210938,5219.3588867188,4156.41015625,4161.2822265625,4168.4614257812,4166.5385742188,4166.6665039062,4169.8715820312,4107.4360351562,4204.3588867188,4148.8461914062,4153.4614257812
4181.794921875,4162.9487304688,4202.4360351562,5237.6923828125,4156.5385742188,4156.794921875,4164.615234375,4164.7436523438,4166.41015625,4168.58984375,4125.7690429688,4227.9487304688,4167.6923828125,4170.1284179688
4201.794921875,4182.4360351562,4220.7690429688,5250.6411132812,4158.4614257812,4157.8203125,4162.9487304688,4163.9741210938,4165.0,4168.205078125,4141.794921875,4249.615234375,4180.5126953125,4186.2822265625
4208.4614257812,4181.1538085938,4219.8715820312,5248.9741210938,4156.6665039062,4159.8715820312,4161.6665039062,4162.4360351562,4163.9741210938,4170.1284179688,4135.384765625,4248.205078125,4173.3334960938,4187.0512695312
4223.3334960938,4189.8715820312,4229.3588867188,5260.2563476562,4157.9487304688,4159.615234375,4161.0258789062,4163.58984375,4164.8715820312,4169.7436523438,4141.41015625,4261.41015625,4184.3588867188,4200.2563476562
4245.5126953125,4218.8461914062,4251.794921875,5277.5639648438,4157.5639648438,4156.5385742188,4156.1538085938,4163.205078125,4165.384765625,4167.0512695312,4166.6665039062,4294.8715820312,4211.2822265625,4228.9741210938
4249.1025390625,4234.1025390625,4260.384765625,5281.2822265625,4154.7436523438,4156.0258789062,4156.6665039062,4161.6665039062,4164.615234375,4166.1538085938,4179.3588867188,4302.8203125,4217.9487304688,4234.8715820312
4237.4360351562,4226.0258789062,4252.0512695312,5281.41015625,4159.7436523438,4159.3588867188,4166.794921875,4165.2563476562,4164.615234375,4166.6665039062,4171.6665039062,4279.8715820312,4204.7436523438,4220.384765625
4225.5126953125,4218.8461914062,4241.1538085938,5279.2309570312,4160.7690429688,4157.0512695312,4160.8974609375,4164.1025390625,4164.1025390625,4166.794921875,4162.1796875,4264.7436523438,4194.8715820312,4207.0512695312
4212.5639648438,4216.5385742188,4235.7690429688,5269.615234375,4159.8715820312,4157.8203125,4157.6923828125,4162.9487304688,4165.1284179688,4167.9487304688,4152.4360351562,4257.8203125,4186.1538085938,4196.9228515625
4201.1538085938,4208.9741210938,4228.205078125,5260.1284179688,4161.5385742188,4159.7436523438,4162.5639648438,4162.5639648438,4166.6665039062,4167.1796875,4138.0771484375,4241.9228515625,4173.4614257812,4184.4873046875
4196.0258789062,4202.5639648438,4219.3588867188,5257.5639648438,4162.1796875,4157.9487304688,4160.384765625,4160.384765625,4165.0,4165.5126953125,4122.4360351562,4225.5126953125,4159.3588867188,4168.58984375
4196.1538085938,4199.8715820312,4218.8461914062,5257.1796875,4163.58984375,4160.384765625,4164.2309570312,4165.5126953125,4163.58984375,4167.1796875,4108.7177734375,4215.6411132812,4145.7690429688,4160.5126953125
4206.794921875,4208.205078125,4228.0771484375,5260.7690429688,4160.7690429688,4157.9487304688,4163.0771484375,4166.6665039062,4164.615234375,4167.3076171875,4116.0258789062,4225.5126953125,4155.6411132812,4170.6411132812
4227.4360351562,4230.5126953125,4241.9228515625,5274.2309570312,4163.4614257812,4156.794921875,4159.8715820312,4160.7690429688,4165.1284179688,4165.6411132812,4139.7436523438,4249.7436523438,4182.8203125,4193.3334960938
4243.3334960938,4246.794921875,4251.9228515625,5284.4873046875,4167.3076171875,4162.0512695312,4161.794921875,4159.2309570312,4165.2563476562,4167.9487304688,4151.1538085938,4262.3076171875,4196.2822265625,4212.1796875
4249.4873046875,4247.6923828125,4256.794921875,5285.5126953125,4162.1796875,4160.5126953125,4159.3588867188,4160.384765625,4164.2309570312,4170.5126953125,4151.1538085938,4263.58984375,4200.1284179688,4216.0258789062
4247.6923828125,4246.2822265625,4260.8974609375,5289.1025390625,4165.0,4159.615234375,4162.5639648438,4167.0512695312,4164.8715820312,4166.6665039062,4143.205078125,4251.41015625,4194.7436523438,4209.4873046875
4231.794921875,4241.9228515625,4253.9741210938,5287.5639648438,4170.5126953125,4160.1284179688,4162.4360351562,4167.9487304688,4165.5126953125,4163.7177734375,4125.1284179688,4225.2563476562,4179.615234375,4198.205078125
4215.2563476562,4232.0512695312,4240.8974609375,5280.7690429688,4167.5639648438,4158.0771484375,4160.384765625,4162.0512695312,4163.58984375,4166.41015625,4114.3588867188,4210.2563476562,4172.0512695312,4191.1538085938
4200.2563476562,4218.8461914062,4227.6923828125,5271.5385742188,4164.1025390625,4158.9741210938,4163.4614257812,4162.3076171875,4163.205078125,4165.7690429688,4107.6923828125,4200.384765625,4163.8461914062,4181.5385742188
4178.58984375,4204.4873046875,4210.7690429688,5260.1284179688,4163.3334960938,4158.9741210938,4159.2309570312,4164.3588867188,4165.1284179688,4163.7177734375,4087.1794433594,4174.615234375,4142.0512695312,4154.7436523438
4175.5126953125,4205.7690429688,4209.4873046875,5261.5385742188,4168.8461914062,4160.8974609375,4161.1538085938,4166.1538085938,4167.6923828125,4167.0512695312,4074.8718261719,4159.4873046875,4135.0,4145.1284179688
4188.9741210938,4220.384765625,4216.2822265625,5270.6411132812,4170.6411132812,4160.8974609375,4164.4873046875,4165.6411132812,4166.9228515625,4167.9487304688,4085.2563476562,4170.5126953125,4151.1538085938,4160.0
4191.41015625,4224.3588867188,4210.5126953125,5271.6665039062,4167.3076171875,4159.615234375,4161.794921875,4163.0771484375,4165.0,4165.384765625,4087.5642089844,4172.6923828125,4156.9228515625,4161.41015625
4194.1025390625,4221.0258789062,4205.7690429688,5270.7690429688,4169.2309570312,4161.41015625,4163.9741210938,4163.4614257812,4166.6665039062,4165.7690429688,4079.7436523438,4164.4873046875,4149.7436523438,4157.4360351562
4208.7177734375,4228.9741210938,4218.7177734375,5279.1025390625,4170.384765625,4157.6923828125,4160.8974609375,4160.1284179688,4165.5126953125,4166.41015625,4093.0769042969,4178.9741210938,4162.1796875,4167.5639648438
4222.8203125,4238.8461914062,4239.615234375,5291.2822265625,4170.2563476562,4158.3334960938,4161.9228515625,4162.1796875,4163.8461914062,4164.4873046875,4110.2563476562,4198.205078125,4181.5385742188,4180.2563476562
4224.2309570312,4236.2822265625,4238.4614257812,5292.4360351562,4168.9741210938,4159.3588867188,4165.0,4166.6665039062,4166.5385742188,4167.1796875,4107.4360351562,4192.3076171875,4178.9741210938,4178.8461914062
4214.3588867188,4227.0512695312,4220.1284179688,5286.2822265625,4168.58984375,4154.1025390625,4162.1796875,4165.0,4167.4360351562,4169.7436523438,4096.9228515625,4177.5639648438,4168.58984375,4170.2563476562
4208.58984375,4222.0512695312,4213.8461914062,5285.2563476562,4173.7177734375,4158.4614257812,4165.384765625,4166.6665039062,4165.2563476562,4163.8461914062,4088.7180175781,4173.3334960938,4168.7177734375,4169.4873046875
4207.3076171875,4217.9487304688,4215.0,5284.7436523438,4172.5639648438,4162.9487304688,4161.6665039062,4163.9741210938,4165.2563476562,4160.7690429688,4088.58984375,4172.9487304688,4168.205078125,4166.9228515625
4195.384765625,4200.1284179688,4210.6411132812,5279.615234375,4171.1538085938,4161.794921875,4161.5385742188,4162.8203125,4166.2822265625,4165.384765625,4085.5129394531,4160.384765625,4148.205078125,4151.41015625
4180.8974609375,4180.7690429688,4202.8203125,5277.1796875,4172.5639648438,4158.7177734375,4168.0771484375,4165.5126953125,4165.1284179688,4166.6665039062,4071.6667480469,4148.58984375,4123.7177734375,4138.205078125
4181.6665039062,4182.4360351562,4201.41015625,5279.7436523438,4169.4873046875,4154.615234375,4161.2822265625,4162.3076171875,4163.58984375,4162.6923828125,4066.9230957031,4156.41015625,4119.3588867188,4138.58984375
4188.4614257812,4192.4360351562,4206.9228515625,5286.9228515625,4170.8974609375,4157.9487304688,4159.3588867188,4162.9487304688,4163.205078125,4165.0,4076.2819824219,4166.6665039062,4122.5639648438,4144.3588867188
4186.1538085938,4192.4360351562,4204.7436523438,5288.0771484375,4171.5385742188,4160.6411132812,4161.0258789062,4161.9228515625,4163.7177734375,4170.384765625,4082.3076171875,4163.58984375,4117.5639648438,4145.7690429688
4187.3076171875,4189.7436523438,4206.41015625,5290.384765625,4169.4873046875,4161.6665039062,4160.2563476562,4162.3076171875,4166.41015625,4168.0771484375,4083.3332519531,4160.384765625,4112.3076171875,4145.384765625
4194.4873046875,4194.4873046875,4216.1538085938,5297.6923828125,4172.0512695312,4162.4360351562,4162.5639648438,4166.41015625,4166.794921875,4167.6923828125,4086.1538085938,4166.41015625,4114.2309570312,4149.8715820312
4190.6411132812,4193.3334960938,4213.4614257812,5293.0771484375,4171.9228515625,4158.58984375,4161.2822265625,4162.6923828125,4163.8461914062,4170.0,4087.3076171875,4172.8203125,4117.4360351562,4152.9487304688
4185.5126953125,4183.9741210938,4208.9741210938,5289.2309570312,4173.205078125,4158.8461914062,4163.0771484375,4161.2822265625,4164.2309570312,4166.9228515625,4091.5385742188,4177.8203125,4120.384765625,4155.384765625
4185.2563476562,4178.7177734375,4211.2822265625,5290.2563476562,4174.1025390625,4161.5385742188,4160.7690429688,4160.7690429688,4164.7436523438,4167.5639648438,4098.7177734375,4184.2309570312,4121.1538085938,4152.9487304688
4180.6411132812,4175.2563476562,4209.615234375,5284.615234375,4172.3076171875,4164.1025390625,4158.8461914062,4158.58984375,4165.0,4169.7436523438,4095.8974609375,4183.9741210938,4116.41015625,4144.2309570312
4180.8974609375,4178.8461914062,4208.7177734375,5282.6923828125,4173.3334960938,4164.1025390625,4165.5126953125,4162.6923828125,4168.4614257812,4164.615234375,4093.3332519531,4180.8974609375,4117.4360351562,4149.2309570312
4186.41015625,4193.7177734375,4214.7436523438,5291.2822265625,4172.1796875,4158.7177734375,4162.6923828125,4165.1284179688,4168.8461914062,4161.2822265625,4103.4614257812,4187.8203125,4126.6665039062,4156.5385742188
4178.3334960938,4198.0771484375,4214.2309570312,5295.7690429688,4173.4614257812,4158.9741210938,4160.384765625,4166.2822265625,4166.0258789062,4167.6923828125,4102.1796875,4186.1538085938,4122.4360351562,4147.0512695312
4161.41015625,4191.0258789062,4198.7177734375,5287.3076171875,4174.8715820312,4160.1284179688,4159.7436523438,4163.7177734375,4164.615234375,4170.7690429688,4085.0,4164.4873046875,4110.6411132812,4131.1538085938
4158.0771484375,4194.615234375,4191.6665039062,5282.9487304688,4174.8715820312,4157.9487304688,4156.41015625,4160.5126953125,4165.5126953125,4168.8461914062,4078.4614257812,4148.205078125,4108.58984375,4123.0771484375
4159.8715820312,4199.4873046875,4195.0,5285.1284179688,4180.384765625,4161.9228515625,4161.41015625,4166.41015625,4167.9487304688,4166.1538085938,4075.2563476562,4141.0258789062,4105.5126953125,4119.7436523438
4154.615234375,4195.0,4189.615234375,5281.9228515625,4178.58984375,4160.384765625,4162.3076171875,4167.6923828125,4168.7177734375,4161.2822265625,4067.0512695312,4133.58984375,4106.5385742188,4115.5126953125
4156.9228515625,4196.41015625,4189.7436523438,5283.58984375,4174.615234375,4157.3076171875,4163.4614257812,4163.58984375,4165.5126953125,4162.3076171875,4068.0769042969,4131.5385742188,4118.0771484375,4118.205078125
4169.1025390625,4208.4614257812,4200.1284179688,5288.9741210938,4176.0258789062,4161.794921875,4164.3588867188,4162.0512695312,4162.3076171875,4169.7436523438,4076.5385742188,4138.58984375,4124.7436523438,4127.6923828125
4178.9741210938,4218.58984375,4207.0512695312,5288.8461914062,4176.1538085938,4162.1796875,4158.8461914062,4160.2563476562,4164.1025390625,4169.1025390625,4079.4870605469,4150.384765625,4123.58984375,4135.8974609375
4185.0,4217.5639648438,4213.4614257812,5290.5126953125,4177.8203125,4160.2563476562,4161.1538085938,4163.9741210938,4165.2563476562,4165.1284179688,4077.1794433594,4157.9487304688,4123.58984375,4143.8461914062
4190.7690429688,4216.0258789062,4221.0258789062,5293.58984375,4176.41015625,4159.8715820312,4161.794921875,4167.3076171875,4163.3334960938,4167.6923828125,4082.3076171875,4163.205078125,4125.8974609375,4149.4873046875
4194.615234375,4223.205078125,4223.8461914062,5298.58984375,4176.6665039062,4161.2822265625,4162.6923828125,4165.384765625,4164.2309570312,4169.2309570312,4089.7436523438,4168.4614257812,4130.384765625,4152.4360351562
4192.5639648438,4227.1796875,4220.6411132812,5301.1538085938,4179.2309570312,4160.2563476562,4164.615234375,4162.9487304688,4167.1796875,4164.1025390625,4086.0256347656,4164.4873046875,4136.2822265625,4151.794921875
4187.3076171875,4225.5126953125,4219.1025390625,5296.6665039062,4176.5385742188,4157.4360351562,4160.2563476562,4162.5639648438,4166.9228515625,4165.6411132812,4086.41015625,4159.3588867188,4143.9741210938,4146.0258789062
4191.2822265625,4231.2822265625,4226.0258789062,5295.6411132812,4178.8461914062,4161.41015625,4163.3334960938,4166.41015625,4166.6665039062,4168.3334960938,4103.205078125,4167.8203125,4155.0,4152.6923828125
4199.7436523438,4237.3076171875,4225.5126953125,5297.5639648438,4179.4873046875,4161.1538085938,4162.8203125,4164.1025390625,4165.6411132812,4161.0258789062,4115.0,4176.0258789062,4163.7177734375,4165.6411132812
4203.4614257812,4233.8461914062,4218.8461914062,5297.8203125,4177.6923828125,4158.205078125,4159.4873046875,4161.5385742188,4164.1025390625,4159.3588867188,4110.384765625,4169.7436523438,4170.1284179688,4168.0771484375
4207.9487304688,4230.384765625,4221.0258789062,5297.5639648438,4181.1538085938,4162.9487304688,4165.5126953125,4166.1538085938,4164.3588867188,4165.7690429688,4108.58984375,4165.8974609375,4176.1538085938,4170.384765625
4210.2563476562,4231.9228515625,4221.794921875,5295.1284179688,4180.7690429688,4161.6665039062,4162.0512695312,4163.205078125,4163.3334960938,4168.3334960938,4114.3588867188,4174.1025390625,4178.3334960938,4173.7177734375
4206.2822265625,4231.794921875,4219.8715820312,5294.4873046875,4182.5639648438,4158.9741210938,4160.1284179688,4161.0258789062,4163.7177734375,4167.5639648438,4110.5126953125,4171.5385742188,4172.4360351562,4171.41015625
4201.5385742188,4230.1284179688,4218.9741210938,5293.58984375,4184.4873046875,4159.4873046875,4162.1796875,4161.5385742188,4165.6411132812,4164.7436523438,4099.3588867188,4157.6923828125,4165.5126953125,4166.1538085938
4205.1284179688,4236.6665039062,4221.2822265625,5293.9741210938,4181.41015625,4160.7690429688,4162.9487304688,4161.6665039062,4164.7436523438,4161.794921875,4099.3588867188,4159.3588867188,4167.3076171875,4168.205078125
4216.1538085938,4252.0512695312,4228.8461914062,5302.5639648438,4182.0512695312,4163.3334960938,4168.4614257812,4165.384765625,4163.58984375,4166.41015625,4113.58984375,4175.7690429688,4175.6411132812,4182.3076171875
4220.2563476562,4263.9741210938,4233.0771484375,5310.6411132812,4181.41015625,4159.4873046875,4162.8203125,4163.9741210938,4164.1025390625,4170.8974609375,4129.7436523438,4192.8203125,4187.0512695312,4191.794921875
4218.205078125,4266.2822265625,4236.5385742188,5312.1796875,4182.9487304688,4159.8715820312,4159.7436523438,4161.6665039062,4166.1538085938,4167.5639648438,4140.7690429688,4204.4873046875,4195.5126953125,4192.6923828125
4219.7436523438,4268.9741210938,4238.0771484375,5307.8203125,4184.4873046875,4164.7436523438,4164.8715820312,4163.205078125,4165.6411132812,4168.205078125,4147.3076171875,4209.2309570312,4198.9741210938,4195.8974609375
4223.4614257812,4275.1284179688,4242.4360351562,5308.58984375,4182.0512695312,4164.2309570312,4164.7436523438,4164.2309570312,4163.205078125,4169.3588867188,4149.615234375,4210.5126953125,4205.1284179688,4197.1796875
4223.4614257812,4274.1025390625,4247.5639648438,5317.4360351562,4186.1538085938,4162.8203125,4167.3076171875,4165.8974609375,4164.8715820312,4167.4360351562,4142.3076171875,4206.9228515625,4205.8974609375,4193.3334960938
4218.0771484375,4271.9228515625,4236.1538085938,5313.9741210938,4187.3076171875,4158.4614257812,4162.3076171875,4163.8461914062,4164.8715820312,4168.58984375,4133.8461914062,4196.1538085938,4197.9487304688,4186.794921875
4217.3076171875,4279.2309570312,4228.58984375,5310.384765625,4185.1284179688,4161.1538085938,4158.0771484375,4162.4360351562,4162.0512695312,4167.5639648438,4141.5385742188,4195.5126953125,4196.9228515625,4184.4873046875
4223.8461914062,4283.3334960938,4236.9228515625,5318.205078125,4187.0512695312,4167.6923828125,4164.3588867188,4163.8461914062,4165.6411132812,4166.9228515625,4155.8974609375,4207.1796875,4203.7177734375,4188.8461914062
4221.1538085938,4278.205078125,4239.4873046875,5319.2309570312,4186.2822265625,4163.7177734375,4165.1284179688,4162.5639648438,4166.41015625,4169.1025390625,4153.7177734375,4203.8461914062,4200.0,4186.2822265625
4215.0,4278.4614257812,4232.6923828125,5314.4873046875,4186.2822265625,4159.8715820312,4162.5639648438,4165.5126953125,4160.5126953125,4168.7177734375,4137.1796875,4187.3076171875,4188.4614257812,4182.4360351562
4218.7177734375,4281.9228515625,4226.794921875,5312.0512695312,4186.0258789062,4158.58984375,4157.4360351562,4165.0,4161.0258789062,4166.2822265625,4130.7690429688,4183.7177734375,4187.5639648438,4182.9487304688
4224.2309570312,4279.2309570312,4231.41015625,5311.2822265625,4187.6923828125,4161.794921875,4159.2309570312,4161.1538085938,4166.0258789062,4169.3588867188,4138.8461914062,4189.3588867188,4193.0771484375,4181.0258789062
4222.8203125,4278.205078125,4241.41015625,5313.8461914062,4190.7690429688,4168.3334960938,4165.2563476562,4162.6923828125,4168.3334960938,4166.6665039062,4149.1025390625,4192.9487304688,4196.5385742188,4185.2563476562
4217.6923828125,4275.6411132812,4243.0771484375,5315.384765625,4186.6665039062,4164.1025390625,4158.4614257812,4161.9228515625,4167.9487304688,4161.794921875,4148.58984375,4196.1538085938,4198.9741210938,4191.41015625
4216.2822265625,4268.9741210938,4239.1025390625,5312.0512695312,4186.794921875,4159.7436523438,4159.3588867188,4165.384765625,4165.7690429688,4164.615234375,4136.9228515625,4187.9487304688,4197.0512695312,4187.4360351562
4218.9741210938,4277.4360351562,4237.8203125,5314.2309570312,4188.0771484375,4160.384765625,4163.8461914062,4166.6665039062,4162.9487304688,4164.7436523438,4138.3334960938,4180.6411132812,4202.5639648438,4179.7436523438
4224.2309570312,4289.615234375,4242.4360351562,5325.5126953125,4186.5385742188,4158.0771484375,4160.8974609375,4161.2822265625,4164.8715820312,4163.9741210938,4148.0771484375,4188.7177734375,4214.2309570312,4182.9487304688
4228.4614257812,4284.3588867188,4246.5385742188,5328.0771484375,4188.3334960938,4159.8715820312,4160.7690429688,4161.6665039062,4166.794921875,4165.1284179688,4142.4360351562,4190.1284179688,4214.4873046875,4192.9487304688
4221.6665039062,4274.7436523438,4244.2309570312,5319.8715820312,4187.4360351562,4161.9228515625,4158.9741210938,4159.7436523438,4163.9741210938,4163.3334960938,4137.0512695312,4182.6923828125,4211.0258789062,4188.7177734375
4210.2563476562,4270.6411132812,4245.6411132812,5325.2563476562,4189.1025390625,4162.1796875,4166.41015625,4162.9487304688,4165.1284179688,4163.7177734375,4137.5639648438,4178.4614257812,4208.7177734375,4177.9487304688
4204.7436523438,4264.1025390625,4245.8974609375,5328.7177734375,4188.3334960938,4160.0,4170.5126953125,4167.3076171875,4166.2822265625,4168.3334960938,4126.6665039062,4168.205078125,4197.1796875,4172.6923828125
4203.7177734375,4258.3334960938,4236.5385742188,5316.9228515625,4184.4873046875,4157.8203125,4158.7177734375,4162.0512695312,4164.1025390625,4169.7436523438,4115.2563476562,4154.4873046875,4182.9487304688,4167.6923828125
4205.0,4262.3076171875,4237.0512695312,5318.0771484375,4190.2563476562,4161.6665039062,4159.7436523438,4161.794921875,4164.1025390625,4164.3588867188,4116.9228515625,4158.58984375,4179.7436523438,4170.1284179688
4204.1025390625,4270.7690429688,4243.8461914062,5326.1538085938,4191.2822265625,4161.41015625,4166.1538085938,4162.8203125,4164.3588867188,4162.9487304688,4116.41015625,4162.5639648438,4179.4873046875,4169.1025390625
4202.0512695312,4278.205078125,4242.4360351562,5327.4360351562,4186.9228515625,4163.4614257812,4166.1538085938,4164.615234375,4164.2309570312,4164.4873046875,4101.5385742188,4141.2822265625,4170.7690429688,4160.5126953125
4201.9228515625,4280.1284179688,4238.58984375,5330.5126953125,4189.2309570312,4165.5126953125,4162.5639648438,4166.2822265625,4164.2309570312,4162.4360351562,4087.9487304688,4122.0512695312,4160.8974609375,4160.5126953125
4198.58984375,4277.1796875,4236.2822265625,5333.4614257812,4191.794921875,4160.384765625,4159.4873046875,4163.9741210938,4165.6411132812,4160.6411132812,4084.4870605469,4115.1284179688,4154.7436523438,4157.3076171875
4189.4873046875,4269.3588867188,4229.8715820312,5330.8974609375,4194.2309570312,4161.6665039062,4166.5385742188,4165.2563476562,4167.3076171875,4166.41015625,4075.5129394531,4093.4614257812,4143.3334960938,4141.41015625
4176.2822265625,4255.6411132812,4215.6411132812,5322.1796875,4193.58984375,4162.8203125,4162.5639648438,4161.6665039062,4165.2563476562,4171.0258789062,4055.8974609375,4063.3332519531,4125.6411132812,4125.0
4166.1538085938,4244.7436523438,4206.41015625,5317.4360351562,4188.8461914062,4162.6923828125,4156.9228515625,4160.2563476562,4162.8203125,4167.6923828125,4046.1538085938,4048.8461914062,4114.1025390625,4117.0512695312
4161.1538085938,4243.9741210938,4203.0771484375,5320.5126953125,4186.794921875,4164.4873046875,4164.1025390625,4166.0258789062,4163.7177734375,4164.3588867188,4051.41015625,4042.8205566406,4115.384765625,4114.2309570312
4160.8974609375,4244.2309570312,4200.6411132812,5325.6411132812,4188.0771484375,4157.5639648438,4163.4614257812,4165.2563476562,4164.1025390625,4163.58984375,4055.8974609375,4039.8718261719,4122.8203125,4114.3588867188
4168.9741210938,4243.4614257812,4200.2563476562,5328.58984375,4193.4614257812,4157.0512695312,4162.1796875,4163.58984375,4163.58984375,4165.1284179688,4050.1281738281,4035.3845214844,4125.384765625,4119.8715820312
4167.9487304688,4242.1796875,4192.6923828125,5322.6923828125,4193.58984375,4165.2563476562,4160.2563476562,4161.794921875,4165.2563476562,4168.4614257812,4041.6667480469,4018.8461914062,4118.7177734375,4114.4873046875
4153.9741210938,4237.4360351562,4184.2309570312,5313.8461914062,4191.41015625,4164.615234375,4157.5639648438,4161.0258789062,4166.6665039062,4165.8974609375,4034.8718261719,4000.7692871094,4107.6923828125,4099.4873046875
4152.1796875,4240.0,4188.0771484375,5315.7690429688,4193.9741210938,4160.2563476562,4163.0771484375,4167.3076171875,4165.5126953125,4165.2563476562,4028.3332519531,3992.3076171875,4102.6923828125,4098.0771484375
4160.5126953125,4248.205078125,4192.5639648438,5322.3076171875,4192.8203125,4159.7436523438,4162.1796875,4167.6923828125,4163.8461914062,4168.3334960938,4028.0769042969,3993.205078125,4113.205078125,4103.58984375
4156.1538085938,4238.4614257812,4186.41015625,5319.2309570312,4194.7436523438,4162.3076171875,4160.6411132812,4164.1025390625,4166.1538085938,4167.8203125,4029.3588867188,3989.6154785156,4116.6665039062,4098.4614257812
4137.0512695312,4218.3334960938,4170.5126953125,5306.41015625,4196.5385742188,4161.2822265625,4159.7436523438,4162.0512695312,4169.4873046875,4166.0258789062,4024.3588867188,3977.5642089844,4101.41015625,4084.4870605469
4120.7690429688,4208.205078125,4158.0771484375,5296.5385742188,4195.0,4159.615234375,4158.7177734375,4162.6923828125,4167.9487304688,4166.2822265625,4014.6154785156,3964.3588867188,4086.9230957031,4072.3076171875
4113.3334960938,4202.1796875,4152.8203125,5290.384765625,4197.3076171875,4162.6923828125,4163.7177734375,4166.0258789062,4165.5126953125,4169.1025390625,3999.7436523438,3949.2307128906,4074.4870605469,4065.5129394531
4106.1538085938,4195.2563476562,4146.2822265625,5282.3076171875,4194.615234375,4161.6665039062,4162.4360351562,4163.8461914062,4165.0,4170.5126953125,3989.2307128906,3936.41015625,4062.5642089844,4055.3845214844
4099.3588867188,4192.3076171875,4145.5126953125,5280.8974609375,4195.1284179688,4161.1538085938,4162.1796875,4163.205078125,4164.7436523438,4168.4614257812,3989.3588867188,3927.9487304688,4053.58984375,4042.0512695312
4097.5639648438,4190.1284179688,4145.2563476562,5278.9741210938,4200.7690429688,4161.9228515625,4162.9487304688,4164.2309570312,4163.8461914062,4162.9487304688,3988.3332519531,3925.7692871094,4045.0,4035.8974609375
4107.0512695312,4197.6923828125,4147.1796875,5275.1284179688,4199.4873046875,4162.0512695312,4157.3076171875,4160.384765625,4164.8715820312,4162.0512695312,3989.2307128906,3937.0512695312,4047.9487304688,4043.4614257812
4127.3076171875,4218.0771484375,4165.8974609375,5284.1025390625,4198.7177734375,4165.1284179688,4161.41015625,4163.4614257812,4166.6665039062,4168.0771484375,4005.3845214844,3963.58984375,4062.8205566406,4067.1794433594
4138.3334960938,4227.8203125,4178.0771484375,5286.9228515625,4197.1796875,4161.794921875,4162.0512695312,4164.7436523438,4167.6923828125,4167.6923828125,4021.9230957031,3983.3332519531,4072.0512695312,4083.58984375
4139.7436523438,4216.9228515625,4176.41015625,5281.9228515625,4195.384765625,4159.8715820312,4159.2309570312,4162.1796875,4167.6923828125,4162.8203125,4026.2819824219,3986.2819824219,4079.3588867188,4084.3588867188
4146.41015625,4207.9487304688,4177.6923828125,5283.9741210938,4198.205078125,4162.3076171875,4160.1284179688,4163.4614257812,4164.2309570312,4166.0258789062,4026.1538085938,3986.5385742188,4088.3332519531,4086.794921875
4151.6665039062,4215.5126953125,4182.5639648438,5286.9228515625,4198.4614257812,4161.794921875,4157.0512695312,4161.6665039062,4162.5639648438,4171.41015625,4033.9743652344,3997.1794433594,4090.6411132812,4092.4357910156
4149.8715820312,4222.8203125,4187.0512695312,5282.8203125,4198.0771484375,4165.5126953125,4161.5385742188,4162.9487304688,4166.0258789062,4169.1025390625,4045.7692871094,4011.794921875,4092.9487304688,4098.9741210938
4143.4614257812,4218.58984375,4178.58984375,5272.3076171875,4195.7690429688,4163.205078125,4163.0771484375,4165.5126953125,4166.41015625,4165.5126953125,4043.9743652344,4008.3332519531,4094.8718261719,4093.8461914062
4134.4873046875,4212.8203125,4167.0512695312,5266.9228515625,4196.2822265625,4158.0771484375,4161.41015625,4166.0258789062,4164.2309570312,4166.9228515625,4030.6411132812,3988.58984375,4082.6923828125,4076.5385742188
4130.2563476562,4209.8715820312,4165.8974609375,5271.6665039062,4200.6411132812,4160.8974609375,4165.8974609375,4166.1538085938,4166.9228515625,4166.1538085938,4030.2563476562,3982.6923828125,4074.7436523438,4072.0512695312
4127.9487304688,4202.4360351562,4159.1025390625,5267.1796875,4198.9741210938,4160.2563476562,4158.4614257812,4161.794921875,4167.5639648438,4165.8974609375,4039.3588867188,3987.6923828125,4081.794921875,4072.4357910156
4120.7690429688,4189.615234375,4149.615234375,5253.205078125,4198.7177734375,4162.6923828125,4157.0512695312,4163.205078125,4165.5126953125,4166.794921875,4031.6667480469,3979.1025390625,4079.6154785156,4067.0512695312
4123.0771484375,4190.384765625,4155.7690429688,5252.1796875,4199.615234375,4167.1796875,4163.9741210938,4164.8715820312,4166.794921875,4163.3334960938,4033.205078125,3983.3332519531,4076.5385742188,4073.0769042969
4139.7436523438,4202.8203125,4168.4614257812,5259.7436523438,4197.4360351562,4163.58984375,4163.4614257812,4163.205078125,4166.794921875,4163.4614257812,4055.6411132812,4009.4870605469,4090.8974609375,4091.1538085938
4150.384765625,4208.3334960938,4169.7436523438,5257.9487304688,4199.7436523438,4160.384765625,4162.6923828125,4165.0,4165.1284179688,4168.4614257812,4065.0,4021.0256347656,4101.1538085938,4102.6923828125
4147.3076171875,4206.1538085938,4162.1796875,5252.4360351562,4198.9741210938,4161.9228515625,4157.4360351562,4161.5385742188,4164.615234375,4167.5639648438,4064.6154785156,4022.8205566406,4103.4614257812,4100.8974609375
4141.794921875,4198.8461914062,4157.4360351562,5249.2309570312,4197.1796875,4166.794921875,4159.4873046875,4158.9741210938,4164.615234375,4164.8715820312,4061.9230957031,4022.8205566406,4101.0258789062,4092.6923828125
4132.9487304688,4192.1796875,4153.205078125,5236.794921875,4198.205078125,4165.384765625,4164.7436523438,4163.8461914062,4164.2309570312,4167.6923828125,4051.1538085938,4009.4870605469,4087.3076171875,4085.0
4124.7436523438,4192.0512695312,4152.0512695312,5226.9228515625,4199.7436523438,4159.7436523438,4162.6923828125,4166.794921875,4166.2822265625,4166.9228515625,4046.0256347656,4004.8718261719,4078.9743652344,4080.2563476562
4125.6411132812,4189.615234375,4155.8974609375,5229.8715820312,4202.0512695312,4161.6665039062,4167.1796875,4166.794921875,4167.5639648438,4165.6411132812,4049.4870605469,4016.5385742188,4086.41015625,4082.3076171875
4132.1796875,4180.8974609375,4156.5385742188,5226.2822265625,4198.7177734375,4161.1538085938,4163.8461914062,4162.8203125,4164.1025390625,4170.384765625,4059.1025390625,4032.9487304688,4100.0,4088.205078125
4149.3588867188,4181.2822265625,4166.1538085938,5223.0771484375,4202.1796875,4161.0258789062,4158.8461914062,4160.8974609375,4164.3588867188,4169.7436523438,4084.4870605469,4063.7180175781,4121.41015625,4107.5639648438
4167.5639648438,4191.5385742188,4185.384765625,5229.7436523438,4208.9741210938,4166.41015625,4164.2309570312,4163.3334960938,4168.3334960938,4166.41015625,4116.794921875,4105.6411132812,4145.5126953125,4133.4614257812
4170.0,4193.58984375,4197.0512695312,5229.4873046875,4202.3076171875,4163.9741210938,4164.4873046875,4161.794921875,4166.9228515625,4169.615234375,4132.0512695312,4131.794921875,4152.4360351562,4139.1025390625
4171.9228515625,4189.3588867188,4194.4873046875,5218.4614257812,4201.1538085938,4161.0258789062,4163.4614257812,4162.9487304688,4165.2563476562,4167.3076171875,4127.9487304688,4134.615234375,4143.4614257812,4140.5126953125
4182.3076171875,4190.2563476562,4188.8461914062,5209.4873046875,4203.58984375,4160.7690429688,4160.5126953125,4161.6665039062,4167.0512695312,4157.9487304688,4134.615234375,4145.7690429688,4153.205078125,4154.2309570312
4190.8974609375,4194.7436523438,4198.3334960938,5209.615234375,4203.58984375,4160.0,4161.5385742188,4159.615234375,4166.794921875,4161.9228515625,4164.7436523438,4182.4360351562,4186.41015625,4168.0771484375
4194.615234375,4190.384765625,4211.1538085938,5209.7436523438,4206.0258789062,4162.8203125,4164.1025390625,4161.41015625,4164.2309570312,4167.5639648438,4183.7177734375,4211.1538085938,4207.4360351562,4177.4360351562
4194.7436523438,4182.5639648438,4209.2309570312,5204.3588867188,4203.0771484375,4161.9228515625,4158.3334960938,4158.4614257812,4163.3334960938,4161.2822265625,4182.4360351562,4218.205078125,4206.5385742188,4179.4873046875
4198.0771484375,4185.5126953125,4212.6923828125,5206.6665039062,4202.9487304688,4161.1538085938,4163.8461914062,4161.1538085938,4165.8974609375,4162.4360351562,4190.5126953125,4227.8203125,4207.6923828125,4182.0512695312
4204.7436523438,4188.8461914062,4218.205078125,5208.58984375,4204.8715820312,4162.0512695312,4166.1538085938,4164.2309570312,4167.3076171875,4172.0512695312,4204.4873046875,4245.5126953125,4215.8974609375,4186.6665039062
4203.0771484375,4180.384765625,4210.7690429688,5203.58984375,4202.8203125,4163.9741210938,4158.8461914062,4162.1796875,4164.4873046875,4171.794921875,4210.1284179688,4252.9487304688,4218.9741210938,4187.6923828125
4201.9228515625,4175.1284179688,4207.9487304688,5202.9487304688,4202.8203125,4166.2822265625,4161.6665039062,4163.4614257812,4163.4614257812,4163.4614257812,4218.8461914062,4257.0512695312,4223.58984375,4194.2309570312
4205.8974609375,4175.5126953125,4211.1538085938,5199.1025390625,4200.384765625,4161.9228515625,4161.794921875,4161.5385742188,4167.5639648438,4164.2309570312,4227.9487304688,4266.1538085938,4233.7177734375,4202.5639648438
4209.2309570312,4173.9741210938,4213.3334960938,5193.3334960938,4201.6665039062,4162.1796875,4163.205078125,4164.4873046875,4170.384765625,4167.3076171875,4232.1796875,4273.4614257812,4243.3334960938,4208.3334960938
4223.0771484375,4187.6923828125,4221.41015625,5197.5639648438,4204.2309570312,4163.58984375,4165.5126953125,4168.4614257812,4166.0258789062,4162.6923828125,4250.5126953125,4290.0,4263.4614257812,4225.1284179688
4238.9741210938,4209.8715820312,4227.8203125,5205.1284179688,4203.58984375,4161.0258789062,4161.9228515625,4163.4614257812,4162.6923828125,4160.8974609375,4271.6665039062,4308.205078125,4287.4360351562,4243.9741210938
4236.9228515625,4210.8974609375,4222.1796875,5202.4360351562,4206.1538085938,4163.58984375,4163.3334960938,4160.8974609375,4166.9228515625,4163.7177734375,4275.7690429688,4310.8974609375,4291.794921875,4248.4614257812
4229.4873046875,4209.615234375,4213.7177734375,5192.1796875,4206.0258789062,4163.205078125,4160.1284179688,4158.9741210938,4169.1025390625,4162.9487304688,4278.3334960938,4313.3334960938,4290.0,4248.4614257812
4233.7177734375,4218.8461914062,4218.0771484375,5187.9487304688,4203.9741210938,4162.3076171875,4159.3588867188,4161.5385742188,4166.2822265625,4164.2309570312,4288.58984375,4321.0258789062,4299.4873046875,4254.3588867188
4237.9487304688,4220.8974609375,4222.6923828125,5190.1284179688,4202.4360351562,4163.9741210938,4164.8715820312,4168.9741210938,4164.4873046875,4168.205078125,4297.3076171875,4327.4360351562,4302.8203125,4255.2563476562
4230.0,4214.615234375,4215.5126953125,5186.794921875,4200.5126953125,4161.0258789062,4162.1796875,4166.2822265625,4163.0771484375,4166.794921875,4295.384765625,4329.7436523438,4296.9228515625,4247.1796875
4224.8715820312,4209.3588867188,4210.8974609375,5182.0512695312,4205.1284179688,4161.41015625,4159.4873046875,4162.9487304688,4165.1284179688,4164.7436523438,4290.0,4334.2309570312,4302.3076171875,4248.9741210938
4230.384765625,4210.2563476562,4219.3588867188,5183.8461914062,4205.5126953125,4163.205078125,4156.794921875,4162.9487304688,4166.1538085938,4166.41015625,4292.0512695312,4347.5639648438,4312.5639648438,4256.9228515625
4235.1284179688,4216.1538085938,4229.3588867188,5185.6411132812,4203.0771484375,4163.4614257812,4158.3334960938,4162.9487304688,4165.2563476562,4166.41015625,4296.794921875,4352.5639648438,4310.1284179688,4254.615234375
4232.8203125,4220.1284179688,4226.41015625,5179.3588867188,4204.615234375,4162.5639648438,4163.9741210938,4163.9741210938,4166.2822265625,4164.1025390625,4300.2563476562,4347.9487304688,4309.8715820312,4253.0771484375
4231.6665039062,4223.7177734375,4224.8715820312,5172.6923828125,4202.4360351562,4158.9741210938,4160.5126953125,4162.0512695312,4166.794921875,4163.205078125,4314.8715820312,4358.4614257812,4325.5126953125,4259.7436523438
4239.4873046875,4234.3588867188,4237.1796875,5177.4360351562,4202.9487304688,4161.5385742188,4159.2309570312,4163.3334960938,4166.6665039062,4165.0,4330.0,4377.9487304688,4338.4614257812,4268.8461914062
4244.7436523438,4245.1284179688,4240.2563476562,5178.9741210938,4205.5126953125,4163.8461914062,4158.205078125,4162.5639648438,4165.2563476562,4165.2563476562,4336.41015625,4386.2822265625,4346.794921875,4272.5639648438
4244.3588867188,4246.41015625,4238.205078125,5172.8203125,4205.2563476562,4163.0771484375,4159.3588867188,4163.205078125,4164.2309570312,4163.0771484375,4345.5126953125,4392.5639648438,4356.1538085938,4275.384765625
4236.9228515625,4236.6665039062,4236.6665039062,5161.6665039062,4206.9228515625,4165.6411132812,4166.2822265625,4168.9741210938,4166.2822265625,4166.41015625,4339.7436523438,4391.2822265625,4349.1025390625,4273.58984375
4223.0771484375,4220.2563476562,4225.6411132812,5147.9487304688,4204.1025390625,4162.3076171875,4163.4614257812,4164.615234375,4167.9487304688,4170.1284179688,4322.1796875,4376.0258789062,4335.2563476562,4258.9741210938
4221.9228515625,4218.205078125,4228.58984375,5153.3334960938,4203.58984375,4161.9228515625,4163.7177734375,4163.4614257812,4166.5385742188,4168.205078125,4329.3588867188,4376.0258789062,4339.7436523438,4255.7690429688
4227.3076171875,4230.1284179688,4233.205078125,5162.9487304688,4206.41015625,4163.4614257812,4163.7177734375,4164.8715820312,4163.9741210938,4168.7177734375,4348.9741210938,4387.6923828125,4348.58984375,4260.1284179688
4223.205078125,4232.4360351562,4221.5385742188,5156.9228515625,4205.1284179688,4161.5385742188,4160.0,4160.7690429688,4164.3588867188,4170.1284179688,4347.8203125,4385.6411132812,4345.0,4253.7177734375
4217.9487304688,4221.9228515625,4219.8715820312,5150.6411132812,4208.205078125,4165.1284179688,4167.0512695312,4162.8203125,4165.2563476562,4165.8974609375,4333.9741210938,4373.58984375,4334.2309570312,4249.8715820312
4213.8461914062,4216.2822265625,4223.8461914062,5149.1025390625,4207.8203125,4165.384765625,4165.2563476562,4164.1025390625,4164.1025390625,4161.9228515625,4331.1538085938,4366.0258789062,4326.5385742188,4243.7177734375
4210.1284179688,4217.5639648438,4217.1796875,5147.6923828125,4206.1538085938,4162.3076171875,4162.0512695312,4163.3334960938,4162.8203125,4164.3588867188,4335.6411132812,4361.41015625,4324.4873046875,4239.1025390625
4216.794921875,4216.5385742188,4212.4360351562,5145.7690429688,4209.4873046875,4162.0512695312,4164.8715820312,4160.7690429688,4163.9741210938,4170.1284179688,4347.1796875,4371.5385742188,4341.1538085938,4254.3588867188
4230.8974609375,4219.3588867188,4219.4873046875,5145.7690429688,4210.8974609375,4162.1796875,4160.6411132812,4157.0512695312,4164.1025390625,4168.58984375,4368.205078125,4398.0771484375,4370.2563476562,4273.4614257812
4232.3076171875,4224.1025390625,4224.8715820312,5148.0771484375,4211.5385742188,4165.8974609375,4162.5639648438,4161.0258789062,4164.2309570312,4165.384765625,4382.0512695312,4406.794921875,4378.58984375,4275.0
4213.205078125,4213.4614257812,4213.8461914062,5141.1538085938,4207.9487304688,4165.7690429688,4165.2563476562,4164.1025390625,4165.7690429688,4167.5639648438,4380.384765625,4391.41015625,4365.8974609375,4259.7436523438
4192.4360351562,4193.0771484375,4195.6411132812,5125.5126953125,4207.9487304688,4164.8715820312,4165.0,4162.8203125,4166.5385742188,4168.9741210938,4366.5385742188,4368.9741210938,4350.384765625,4240.384765625
4188.58984375,4190.6411132812,4183.7177734375,5117.4360351562,4210.6411132812,4163.4614257812,4161.5385742188,4163.58984375,4165.1284179688,4168.3334960938,4356.0258789062,4353.58984375,4342.8203125,4234.615234375
4191.41015625,4200.7690429688,4179.8715820312,5116.1538085938,4209.4873046875,4159.8715820312,4154.7436523438,4163.0771484375,4162.8203125,4168.0771484375,4365.1284179688,4356.0258789062,4348.8461914062,4235.5126953125
4182.0512695312,4196.0258789062,4175.6411132812,5111.2822265625,4212.1796875,4164.615234375,4162.6923828125,4162.5639648438,4166.1538085938,4167.9487304688,4364.3588867188,4347.4360351562,4347.4360351562,4225.8974609375
4169.615234375,4184.1025390625,4166.0258789062,5100.8974609375,4209.7436523438,4164.2309570312,4165.6411132812,4162.4360351562,4168.7177734375,4167.6923828125,4354.615234375,4327.0512695312,4338.7177734375,4218.0771484375
4172.0512695312,4174.615234375,4161.6665039062,5093.7177734375,4202.6923828125,4159.8715820312,4160.1284179688,4162.9487304688,4162.3076171875,4168.4614257812,4359.7436523438,4323.3334960938,4337.4360351562,4220.7690429688
4178.205078125,4167.5639648438,4157.3076171875,5093.0771484375,4203.9741210938,4163.58984375,4164.1025390625,4164.615234375,4158.4614257812,4169.615234375,4366.5385742188,4322.5639648438,4338.3334960938,4220.6411132812
4173.7177734375,4171.5385742188,4146.0258789062,5093.58984375,4207.4360351562,4163.3334960938,4161.41015625,4162.0512695312,4163.9741210938,4168.8461914062,4377.4360351562,4319.3588867188,4350.2563476562,4217.9487304688
4166.41015625,4175.2563476562,4140.384765625,5090.7690429688,4210.8974609375,4163.58984375,4160.8974609375,4163.3334960938,4169.2309570312,4168.58984375,4387.4360351562,4315.6411132812,4359.8715820312,4221.41015625
4163.3334960938,4165.0,4134.615234375,5078.9741210938,4209.4873046875,4165.7690429688,4162.4360351562,4164.3588867188,4166.794921875,4167.3076171875,4381.9228515625,4301.1538085938,4344.8715820312,4219.2309570312
4166.1538085938,4163.4614257812,4126.6665039062,5075.1284179688,4205.5126953125,4162.4360351562,4159.4873046875,4162.6923828125,4165.0,4167.9487304688,4385.2563476562,4293.58984375,4340.2563476562,4213.9741210938
4169.615234375,4175.5126953125,4125.2563476562,5082.3076171875,4209.4873046875,4161.794921875,4163.7177734375,4165.5126953125,4167.1796875,4165.6411132812,4402.1796875,4295.8974609375,4356.41015625,4222.0512695312
4160.6411132812,4171.1538085938,4117.0512695312,5075.1284179688,4209.7436523438,4162.3076171875,4162.1796875,4164.615234375,4168.0771484375,4162.0512695312,4400.384765625,4282.8203125,4352.3076171875,4218.4614257812
4146.5385742188,4150.8974609375,4101.6665039062,5064.615234375,4208.7177734375,4162.5639648438,4160.384765625,4164.2309570312,4167.6923828125,4164.8715820312,4390.5126953125,4259.4873046875,4334.7436523438,4201.0258789062
4142.4360351562,4139.615234375,4091.9230957031,5059.8715820312,4208.3334960938,4164.3588867188,4163.3334960938,4165.5126953125,4167.4360351562,4164.4873046875,4394.1025390625,4244.3588867188,4327.4360351562,4197.3076171875
4141.5385742188,4139.1025390625,4088.58984375,5051.5385742188,4203.8461914062,4163.205078125,4162.3076171875,4163.7177734375,4168.4614257812,4160.1284179688,4392.3076171875,4232.9487304688,4319.7436523438,4200.1284179688
4135.384765625,4135.5126953125,4082.3076171875,5046.41015625,4205.8974609375,4162.0512695312,4164.7436523438,4166.1538085938,4167.5639648438,4163.8461914062,4390.7690429688,4219.3588867188,4312.4360351562,4199.1025390625
4123.0771484375,4122.6923828125,4063.58984375,5042.8203125,4207.3076171875,4161.1538085938,4161.9228515625,4164.3588867188,4162.6923828125,4171.41015625,4398.0771484375,4205.384765625,4314.2309570312,4191.0258789062
4116.41015625,4114.3588867188,4051.794921875,5038.9741210938,4208.3334960938,4162.9487304688,4158.7177734375,4162.1796875,4161.794921875,4169.3588867188,4399.615234375,4195.0,4316.41015625,4182.6923828125
4120.6411132812,4118.58984375,4053.4614257812,5034.2309570312,4210.7690429688,4163.58984375,4161.2822265625,4164.2309570312,4166.5385742188,4162.8203125,4397.1796875,4191.2822265625,4320.1284179688,4185.1284179688
4120.7690429688,4121.0258789062,4048.8461914062,5028.205078125,4207.6923828125,4161.41015625,4159.7436523438,4163.7177734375,4168.0771484375,4164.3588867188,4401.9228515625,4187.9487304688,4328.8461914062,4184.615234375
4108.4614257812,4113.0771484375,4036.5385742188,5020.5126953125,4207.8203125,4165.7690429688,4164.2309570312,4167.9487304688,4166.1538085938,4165.5126953125,4393.4614257812,4166.5385742188,4314.8715820312,4171.1538085938
4093.7180175781,4102.0512695312,4024.6154785156,5005.384765625,4207.1796875,4164.7436523438,4164.2309570312,4167.1796875,4164.1025390625,4162.8203125,4370.5126953125,4136.5385742188,4281.794921875,4154.4873046875
4089.4870605469,4095.3845214844,4017.6923828125,4993.8461914062,4208.0771484375,4160.8974609375,4158.7177734375,4162.4360351562,4164.4873046875,4163.0771484375,4363.205078125,4125.0,4268.205078125,4147.9487304688
4090.0,4097.0512695312,4011.2819824219,4993.3334960938,4212.0512695312,4163.9741210938,4161.0258789062,4162.5639648438,4166.0258789062,4168.205078125,4369.1025390625,4128.0771484375,4271.2822265625,4146.6665039062
4086.5385742188,4099.3588867188,4004.2307128906,4991.1538085938,4208.0771484375,4163.0771484375,4161.41015625,4158.7177734375,4165.5126953125,4170.7690429688,4371.6665039062,4124.4873046875,4267.0512695312,4139.1025390625
4084.4870605469,4093.4614257812,4006.6667480469,4986.794921875,4206.9228515625,4165.8974609375,4165.0,4163.9741210938,4164.4873046875,4167.9487304688,4372.4360351562,4109.615234375,4263.205078125,4135.2563476562
4081.6667480469,4085.3845214844,4003.58984375,4983.4614257812,4207.8203125,4166.9228515625,4163.58984375,4168.7177734375,4164.1025390625,4162.9487304688,4379.1025390625,4103.8461914062,4276.9228515625,4135.8974609375
4077.6923828125,4078.8461914062,3992.5642089844,4977.3076171875,4206.1538085938,4161.1538085938,4159.7436523438,4160.2563476562,4165.5126953125,4162.6923828125,4389.4873046875,4109.7436523438,4286.2822265625,4131.2822265625
4081.41015625,4072.0512695312,3990.1281738281,4970.5126953125,4209.2309570312,4162.4360351562,4162.1796875,4159.4873046875,4166.794921875,4166.0258789062,4397.8203125,4112.6923828125,4282.1796875,4135.1284179688
4088.9743652344,4069.1025390625,3992.8205566406,4963.4614257812,4207.4360351562,4164.2309570312,4157.8203125,4163.0771484375,4165.384765625,4166.9228515625,4399.7436523438,4113.4614257812,4286.41015625,4145.5126953125
4094.3588867188,4069.3588867188,3997.6923828125,4961.2822265625,4206.9228515625,4165.8974609375,4161.1538085938,4165.6411132812,4165.6411132812,4165.8974609375,4392.3076171875,4119.1025390625,4292.5639648438,4148.4614257812
4097.1796875,4067.8205566406,4002.0512695312,4966.794921875,4210.5126953125,4165.8974609375,4164.8715820312,4165.7690429688,4164.615234375,4164.2309570312,4381.6665039062,4117.9487304688,4286.6665039062,4143.7177734375
4097.1796875,4067.8205566406,4002.0512695312,4966.794921875,4210.5126953125,4165.8974609375,4164.8715820312,4165.7690429688,4164.615234375,4164.2309570312,4381.6665039062,4117.9487304688,4286.6665039062,4143.7177734375
4096.1538085938,4072.0512695312,4001.41015625,4970.8974609375,4209.8715820312,4161.41015625,4158.3334960938,4163.7177734375,4162.8203125,4163.0771484375,4368.4614257812,4105.2563476562,4273.7177734375,4137.5639648438
4096.0258789062,4082.3076171875,3998.58984375,4965.7690429688,4211.41015625,4164.2309570312,4159.1025390625,4166.5385742188,4165.5126953125,4165.384765625,4355.8974609375,4100.5126953125,4262.6923828125,4136.1538085938
4098.7177734375,4090.1281738281,3997.8205566406,4958.205078125,4212.6923828125,4166.0258789062,4158.9741210938,4163.4614257812,4167.4360351562,4168.4614257812,4357.5639648438,4109.3588867188,4263.4614257812,4137.1796875
4106.9228515625,4094.2307128906,4008.9743652344,4963.58984375,4210.0,4165.2563476562,4159.7436523438,4160.8974609375,4163.9741210938,4165.8974609375,4367.4360351562,4120.1284179688,4274.615234375,4143.9741210938
4114.7436523438,4094.1025390625,4021.5385742188,4969.4873046875,4206.41015625,4165.7690429688,4165.6411132812,4165.0,4161.2822265625,4162.5639648438,4372.9487304688,4130.1284179688,4278.9741210938,4154.7436523438
4109.8715820312,4092.1794433594,4016.5385742188,4961.5385742188,4206.0258789062,4163.7177734375,4165.1284179688,4165.2563476562,4163.8461914062,4165.384765625,4370.2563476562,4133.0771484375,4272.3076171875,4151.0258789062
4103.205078125,4098.205078125,4007.3076171875,4955.0,4210.5126953125,4165.5126953125,4166.0258789062,4163.4614257812,4166.5385742188,4165.8974609375,4356.0258789062,4125.0,4264.7436523438,4142.3076171875
4102.8203125,4113.3334960938,4004.3588867188,4953.0771484375,4207.8203125,4165.2563476562,4161.0258789062,4160.384765625,4165.6411132812,4162.6923828125,4345.5126953125,4122.5639648438,4264.3588867188,4142.1796875
4107.3076171875,4123.8461914062,4010.6411132812,4956.5385742188,4205.5126953125,4164.8715820312,4159.3588867188,4161.6665039062,4166.6665039062,4163.7177734375,4350.8974609375,4128.9741210938,4268.0771484375,4147.1796875
4118.7177734375,4128.8461914062,4026.0256347656,4964.8715820312,4209.615234375,4165.1284179688,4166.6665039062,4165.2563476562,4169.1025390625,4165.2563476562,4353.8461914062,4135.1284179688,4272.5639648438,4155.384765625
4132.4360351562,4136.9228515625,4032.8205566406,4965.8974609375,4209.2309570312,4159.4873046875,4160.6411132812,4163.205078125,4165.8974609375,4164.2309570312,4348.4614257812,4145.2563476562,4277.6923828125,4160.8974609375
4135.2563476562,4142.5639648438,4029.4870605469,4964.1025390625,4211.5385742188,4158.58984375,4157.9487304688,4162.6923828125,4164.7436523438,4165.6411132812,4344.7436523438,4150.7690429688,4281.0258789062,4161.5385742188
4128.3334960938,4142.4360351562,4032.6923828125,4966.0258789062,4213.9741210938,4161.2822265625,4159.8715820312,4162.8203125,4167.6923828125,4164.3588867188,4344.4873046875,4152.1796875,4283.9741210938,4161.5385742188
4131.9228515625,4141.9228515625,4046.9230957031,4970.1284179688,4211.1538085938,4163.7177734375,4158.9741210938,4162.6923828125,4165.384765625,4159.3588867188,4343.8461914062,4160.384765625,4287.6923828125,4168.4614257812
4138.4614257812,4138.4614257812,4046.2819824219,4968.7177734375,4208.58984375,4164.3588867188,4162.6923828125,4165.8974609375,4162.6923828125,4165.7690429688,4342.0512695312,4162.1796875,4290.0,4173.9741210938
4131.5385742188,4127.1796875,4031.2819824219,4960.0,4205.0,4160.2563476562,4161.2822265625,4165.384765625,4164.2309570312,4171.6665039062,4337.9487304688,4150.6411132812,4291.6665039062,4164.615234375
4127.1796875,4116.9228515625,4036.1538085938,4957.3076171875,4210.0,4161.41015625,4162.0512695312,4163.3334960938,4165.5126953125,4166.2822265625,4335.5126953125,4150.1284179688,4292.6923828125,4161.41015625
4123.3334960938,4115.5126953125,4044.1025390625,4957.8203125,4213.4614257812,4165.0,4161.0258789062,4159.615234375,4165.8974609375,4163.8461914062,4335.1284179688,4160.2563476562,4291.794921875,4167.4360351562
4114.615234375,4119.4873046875,4039.2307128906,4953.0771484375,4207.5639648438,4165.1284179688,4157.4360351562,4159.2309570312,4166.41015625,4168.3334960938,4326.5385742188,4152.5639648438,4288.8461914062,4160.0
4122.1796875,4125.5126953125,4048.0769042969,4951.9228515625,4208.4614257812,4167.0512695312,4164.4873046875,4168.205078125,4166.41015625,4165.8974609375,4321.1538085938,4146.1538085938,4287.4360351562,4159.1025390625
4135.5126953125,4126.2822265625,4056.794921875,4949.8715820312,4210.1284179688,4162.5639648438,4163.4614257812,4165.384765625,4164.615234375,4160.7690429688,4328.58984375,4160.2563476562,4283.3334960938,4169.7436523438
4124.4873046875,4113.8461914062,4048.9743652344,4943.9741210938,4209.1025390625,4159.8715820312,4161.1538085938,4160.8974609375,4163.3334960938,4163.8461914062,4323.7177734375,4156.794921875,4270.1284179688,4164.2309570312
4117.5639648438,4108.7177734375,4049.7436523438,4945.2563476562,4211.1538085938,4162.5639648438,4163.7177734375,4164.8715820312,4164.1025390625,4166.0258789062,4313.3334960938,4144.4873046875,4271.0258789062,4156.6665039062
4137.8203125,4121.5385742188,4061.2819824219,4952.3076171875,4211.1538085938,4161.2822265625,4160.5126953125,4161.6665039062,4167.5639648438,4161.6665039062,4322.4360351562,4159.3588867188,4293.7177734375,4166.6665039062
4148.205078125,4128.58984375,4064.7436523438,4952.8203125,4211.794921875,4164.4873046875,4163.0771484375,4159.4873046875,4168.205078125,4163.58984375,4327.5639648438,4166.9228515625,4297.9487304688,4175.5126953125
4140.8974609375,4128.7177734375,4062.3076171875,4948.7177734375,4211.794921875,4166.2822265625,4162.8203125,4161.2822265625,4163.9741210938,4169.8715820312,4317.1796875,4157.5639648438,4281.5385742188,4170.6411132812
4140.1284179688,4126.41015625,4063.9743652344,4949.1025390625,4212.1796875,4160.6411132812,4161.794921875,4165.8974609375,4162.6923828125,4168.4614257812,4312.0512695312,4157.0512695312,4272.3076171875,4163.4614257812
4140.2563476562,4118.205078125,4062.1794433594,4947.6923828125,4211.1538085938,4158.0771484375,4163.4614257812,4165.8974609375,4165.6411132812,4163.4614257812,4309.1025390625,4152.0512695312,4266.794921875,4159.2309570312
4132.9487304688,4112.4360351562,4058.8461914062,4940.8974609375,4209.615234375,4160.5126953125,4158.4614257812,4158.8461914062,4166.794921875,4162.5639648438,4302.5639648438,4145.1284179688,4260.6411132812,4155.5126953125
4132.9487304688,4112.4360351562,4058.8461914062,4940.8974609375,4209.615234375,4160.5126953125,4158.4614257812,4158.8461914062,4166.794921875,4162.5639648438,4302.5639648438,4145.1284179688,4260.6411132812,4155.5126953125
4130.7690429688,4111.0258789062,4062.0512695312,4936.6665039062,4214.1025390625,4163.4614257812,4161.0258789062,4161.794921875,4166.5385742188,4165.7690429688,4293.4614257812,4143.4614257812,4254.8715820312,4155.2563476562
4130.2563476562,4107.9487304688,4058.7180175781,4928.7177734375,4209.7436523438,4162.0512695312,4161.794921875,4165.0,4166.5385742188,4169.2309570312,4285.0,4138.7177734375,4245.1284179688,4152.9487304688
4124.7436523438,4103.0771484375,4053.3332519531,4919.4873046875,4203.8461914062,4163.4614257812,4159.7436523438,4162.9487304688,4166.0258789062,4167.4360351562,4279.4873046875,4134.4873046875,4235.1284179688,4147.5639648438
4123.0771484375,4094.3588867188,4053.0769042969,4916.9228515625,4210.1284179688,4165.7690429688,4164.2309570312,4166.0258789062,4165.2563476562,4166.5385742188,4268.58984375,4130.2563476562,4225.8974609375,4144.3588867188
4124.7436523438,4085.2563476562,4051.794921875,4917.0512695312,4212.8203125,4159.7436523438,4161.794921875,4165.5126953125,4165.0,4167.1796875,4258.0771484375,4126.0258789062,4217.3076171875,4140.6411132812
4126.794921875,4086.794921875,4050.8974609375,4915.8974609375,4214.1025390625,4162.6923828125,4162.4360351562,4162.8203125,4169.2309570312,4166.2822265625,4257.1796875,4126.794921875,4210.2563476562,4139.8715820312
4121.41015625,4088.9743652344,4047.0512695312,4907.1796875,4212.8203125,4168.3334960938,4162.4360351562,4162.5639648438,4171.41015625,4166.1538085938,4257.4360351562,4124.1025390625,4201.0258789062,4138.58984375
4111.2822265625,4083.7180175781,4049.6154785156,4901.41015625,4208.0771484375,4163.0771484375,4158.9741210938,4163.0771484375,4167.4360351562,4166.794921875,4253.9741210938,4119.7436523438,4197.8203125,4133.7177734375
4114.4873046875,4087.3076171875,4059.1025390625,4909.4873046875,4212.8203125,4162.5639648438,4165.5126953125,4165.0,4166.6665039062,4167.6923828125,4249.8715820312,4123.4614257812,4205.0,4136.6665039062
4121.6665039062,4097.1796875,4057.6923828125,4911.794921875,4213.7177734375,4162.5639648438,4162.9487304688,4162.4360351562,4166.5385742188,4169.3588867188,4249.615234375,4128.205078125,4215.6411132812,4142.5639648438
4126.2822265625,4098.58984375,4059.6154785156,4909.7436523438,4208.8461914062,4162.8203125,4158.0771484375,4162.0512695312,4165.0,4168.0771484375,4257.4360351562,4137.4360351562,4226.9228515625,4150.7690429688
4138.8461914062,4098.58984375,4068.7180175781,4909.615234375,4210.384765625,4165.1284179688,4162.9487304688,4165.5126953125,4165.384765625,4163.9741210938,4257.3076171875,4147.0512695312,4231.5385742188,4157.3076171875
4152.3076171875,4102.4360351562,4072.6923828125,4908.8461914062,4212.0512695312,4166.0258789062,4165.5126953125,4165.384765625,4165.384765625,4163.3334960938,4253.0771484375,4149.7436523438,4233.0771484375,4158.9741210938
4157.3076171875,4101.6665039062,4081.41015625,4911.6665039062,4211.6665039062,4168.7177734375,4166.1538085938,4166.41015625,4162.9487304688,4168.205078125,4269.4873046875,4160.2563476562,4241.5385742188,4167.6923828125
4148.205078125,4093.4614257812,4081.1538085938,4907.5639648438,4211.1538085938,4165.8974609375,4158.0771484375,4162.1796875,4161.41015625,4170.6411132812,4284.1025390625,4168.8461914062,4243.8461914062,4166.2822265625
4126.794921875,4078.0769042969,4057.8205566406,4893.205078125,4212.6923828125,4162.8203125,4156.5385742188,4161.794921875,4163.9741210938,4167.4360351562,4267.6923828125,4149.2309570312,4225.8974609375,4142.9487304688
4111.9228515625,4066.5385742188,4042.3076171875,4882.8203125,4210.6411132812,4164.615234375,4164.2309570312,4166.2822265625,4166.6665039062,4167.1796875,4262.4360351562,4135.7690429688,4219.3588867188,4131.6665039062
4116.9228515625,4078.8461914062,4055.0,4884.1025390625,4205.8974609375,4162.5639648438,4162.0512695312,4160.384765625,4167.6923828125,4168.9741210938,4300.8974609375,4162.9487304688,4246.6665039062,4148.0771484375
4125.2563476562,4097.3076171875,4067.1794433594,4889.4873046875,4210.5126953125,4163.205078125,4163.7177734375,4161.2822265625,4167.6923828125,4167.1796875,4331.2822265625,4184.4873046875,4270.1284179688,4165.6411132812
4117.3076171875,4092.4357910156,4054.8718261719,4883.0771484375,4210.6411132812,4163.58984375,4163.9741210938,4165.0,4165.6411132812,4167.3076171875,4329.2309570312,4177.4360351562,4269.1025390625,4162.4360351562
4115.8974609375,4088.7180175781,4050.5129394531,4876.794921875,4207.5639648438,4161.794921875,4160.7690429688,4161.5385742188,4165.0,4170.0,4333.9741210938,4183.4614257812,4271.9228515625,4162.4360351562
4134.3588867188,4103.8461914062,4064.7436523438,4879.615234375,4212.4360351562,4162.6923828125,4162.1796875,4160.384765625,4166.6665039062,4163.4614257812,4349.1025390625,4204.3588867188,4285.1284179688,4177.9487304688
4142.6923828125,4108.3334960938,4067.8205566406,4878.205078125,4212.3076171875,4165.0,4159.7436523438,4161.9228515625,4167.5639648438,4159.2309570312,4351.2822265625,4208.9741210938,4287.1796875,4180.7690429688
4132.5639648438,4098.0771484375,4063.9743652344,4872.1796875,4210.1284179688,4167.9487304688,4164.3588867188,4167.1796875,4167.4360351562,4166.5385742188,4339.7436523438,4197.8203125,4275.8974609375,4173.0771484375
4121.9228515625,4097.0512695312,4061.5385742188,4864.3588867188,4206.9228515625,4163.8461914062,4165.1284179688,4165.2563476562,4165.1284179688,4167.9487304688,4333.8461914062,4190.7690429688,4266.6665039062,4167.4360351562
4123.205078125,4106.6665039062,4061.1538085938,4859.8715820312,4206.6665039062,4162.1796875,4158.58984375,4159.4873046875,4163.3334960938,4166.5385742188,4340.5126953125,4191.1538085938,4273.205078125,4165.1284179688
4133.3334960938,4117.9487304688,4066.9230957031,4862.9487304688,4212.5639648438,4167.5639648438,4161.41015625,4162.4360351562,4165.8974609375,4166.2822265625,4349.4873046875,4200.6411132812,4290.2563476562,4176.2822265625
4129.1025390625,4116.2822265625,4065.0,4861.6665039062,4208.0771484375,4166.0258789062,4158.9741210938,4162.3076171875,4167.5639648438,4163.7177734375,4346.9228515625,4202.8203125,4288.9741210938,4176.6665039062
4112.3076171875,4102.0512695312,4052.8205566406,4853.4614257812,4205.0,4168.0771484375,4160.7690429688,4161.2822265625,4166.1538085938,4161.794921875,4325.1284179688,4178.3334960938,4257.6923828125,4153.58984375
4115.1284179688,4100.6411132812,4050.3845214844,4850.8974609375,4209.615234375,4168.58984375,4165.384765625,4164.615234375,4165.2563476562,4161.794921875,4312.8203125,4168.3334960938,4244.7436523438,4148.0771484375
4137.3076171875,4115.384765625,4067.8205566406,4862.1796875,4210.384765625,4160.0,4161.0258789062,4164.4873046875,4165.2563476562,4163.9741210938,4332.5639648438,4199.8715820312,4276.1538085938,4173.8461914062
4147.9487304688,4120.7690429688,4082.8205566406,4871.9228515625,4213.205078125,4161.2822265625,4162.4360351562,4164.3588867188,4165.6411132812,4164.3588867188,4348.3334960938,4221.794921875,4293.9741210938,4192.0512695312
4147.0512695312,4117.1796875,4082.3076171875,4867.4360351562,4213.7177734375,4165.0,4160.8974609375,4162.0512695312,4164.7436523438,4163.0771484375,4340.6411132812,4216.2822265625,4279.8715820312,4186.9228515625
4157.5639648438,4127.1796875,4091.6667480469,4866.2822265625,4213.7177734375,4164.4873046875,4161.9228515625,4162.3076171875,4165.384765625,4164.3588867188,4336.2822265625,4220.8974609375,4276.6665039062,4191.5385742188
4167.8203125,4137.4360351562,4102.4360351562,4870.1284179688,4214.615234375,4164.1025390625,4165.6411132812,4167.0512695312,4167.5639648438,4169.3588867188,4337.8203125,4233.7177734375,4282.9487304688,4203.9741210938
4159.615234375,4131.5385742188,4093.58984375,4865.1284179688,4210.2563476562,4160.5126953125,4161.1538085938,4164.7436523438,4166.1538085938,4170.7690429688,4327.1796875,4228.9741210938,4273.205078125,4192.1796875
4150.7690429688,4121.9228515625,4083.7180175781,4861.1538085938,4211.6665039062,4163.0771484375,4163.3334960938,4163.0771484375,4163.8461914062,4166.41015625,4312.9487304688,4217.0512695312,4263.7177734375,4177.8203125
4151.1538085938,4123.3334960938,4081.1538085938,4858.58984375,4212.0512695312,4164.1025390625,4163.0771484375,4162.1796875,4163.8461914062,4162.0512695312,4311.1538085938,4216.9228515625,4270.5126953125,4181.2822265625
4150.1284179688,4127.6923828125,4082.1794433594,4853.4614257812,4207.1796875,4163.3334960938,4159.7436523438,4163.0771484375,4163.7177734375,4161.794921875,4315.5126953125,4221.41015625,4271.0258789062,4182.4360351562
4147.8203125,4123.8461914062,4088.58984375,4854.4873046875,4208.58984375,4165.6411132812,4163.58984375,4167.5639648438,4163.7177734375,4168.8461914062,4315.0,4218.7177734375,4262.6923828125,4182.4360351562
4146.2822265625,4121.2822265625,4091.6667480469,4856.794921875,4211.794921875,4164.1025390625,4163.7177734375,4166.1538085938,4165.7690429688,4168.4614257812,4309.7436523438,4215.1284179688,4263.58984375,4207.4360351562
4140.384765625,4119.4873046875,4085.7692871094,4852.0512695312,4213.3334960938,4163.8461914062,4164.7436523438,4163.58984375,4169.4873046875,4164.615234375,4308.7177734375,4208.3334960938,4266.41015625,4221.41015625
4134.615234375,4117.9487304688,4081.1538085938,4842.3076171875,4211.5385742188,4163.3334960938,4162.5639648438,4160.2563476562,4168.9741210938,4168.8461914062,4321.1538085938,4205.7690429688,4268.7177734375,4176.794921875
4139.8715820312,4120.384765625,4086.41015625,4837.3076171875,4211.1538085938,4162.3076171875,4159.8715820312,4159.7436523438,4165.5126953125,4168.4614257812,4332.6923828125,4217.8203125,4272.5639648438,4226.794921875
4150.6411132812,4123.4614257812,4091.9230957031,4838.58984375,4212.4360351562,4166.1538085938,4165.7690429688,4164.615234375,4166.9228515625,4164.3588867188,4330.0,4224.2309570312,4269.3588867188,4228.4614257812
4146.5385742188,4117.1796875,4083.3332519531,4832.6923828125,4207.6923828125,4165.2563476562,4166.41015625,4163.205078125,4167.6923828125,4167.6923828125,4319.2309570312,4210.0,4258.58984375,3816.5385742188
4125.5126953125,4096.2822265625,4064.7436523438,4820.1284179688,4208.58984375,4162.8203125,4164.7436523438,4163.58984375,4164.3588867188,4170.1284179688,4298.58984375,4187.8203125,4240.2563476562,3340.2563476562
4106.794921875,4083.58984375,4051.41015625,4809.1025390625,4214.8715820312,4164.2309570312,4159.8715820312,4165.1284179688,4162.4360351562,4164.2309570312,4279.1025390625,4174.615234375,4217.0512695312,3283.8461914062
4103.9741210938,4088.205078125,4052.0512695312,4803.3334960938,4213.4614257812,4166.6665039062,4156.2822265625,4163.205078125,4163.4614257812,4163.3334960938,4280.1284179688,4174.7436523438,4205.1284179688,3365.8974609375
4107.5639648438,4089.7436523438,4057.3076171875,4802.9487304688,4210.1284179688,4167.0512695312,4164.1025390625,4166.6665039062,4164.4873046875,4166.5385742188,4287.0512695312,4176.6665039062,4203.4614257812,3304.2307128906
4104.4873046875,4090.8974609375,4058.4614257812,4802.9487304688,4206.9228515625,4161.5385742188,4162.8203125,4166.41015625,4163.8461914062,4164.4873046875,4285.1284179688,4173.8461914062,4199.7436523438,3282.6923828125
4108.8461914062,4105.2563476562,4067.1794433594,4805.7690429688,4209.3588867188,4162.9487304688,4159.8715820312,4164.2309570312,4163.58984375,4164.4873046875,4284.2309570312,4173.8461914062,4201.2822265625,3323.0769042969
4125.1284179688,4117.3076171875,4076.794921875,4810.1284179688,4213.0771484375,4166.2822265625,4162.1796875,4164.1025390625,4165.1284179688,4166.2822265625,4289.2309570312,4184.1025390625,4211.5385742188,3321.2819824219
4133.7177734375,4122.1796875,4080.3845214844,4813.58984375,4209.4873046875,4162.9487304688,4160.1284179688,4160.7690429688,4167.3076171875,4164.7436523438,4293.8461914062,4199.2309570312,4215.7690429688,3323.8461914062
4133.8461914062,4128.0771484375,4087.8205566406,4816.2822265625,4209.1025390625,4166.9228515625,4163.0771484375,4161.1538085938,4167.6923828125,4165.0,4292.8203125,4202.9487304688,4209.2309570312,3327.3076171875
4132.1796875,4120.1284179688,4085.7692871094,4811.1538085938,4207.3076171875,4168.58984375,4160.6411132812,4161.6665039062,4166.5385742188,4166.1538085938,4286.2822265625,4193.58984375,4201.794921875,3322.9487304688
4125.2563476562,4099.2309570312,4076.1538085938,4800.1284179688,4206.5385742188,4165.8974609375,4162.4360351562,4162.9487304688,4166.9228515625,4165.384765625,4273.3334960938,4177.9487304688,4191.6665039062,3312.3076171875
4112.4360351562,4083.3332519531,4066.6667480469,4787.4360351562,4209.7436523438,4165.8974609375,4167.5639648438,4163.205078125,4166.6665039062,4167.3076171875,4251.9228515625,4157.9487304688,4179.8715820312,3296.9230957031
4101.5385742188,4071.5385742188,4053.205078125,4776.794921875,4207.8203125,4164.4873046875,4156.41015625,4158.4614257812,4165.8974609375,4169.8715820312,4233.7177734375,4143.205078125,4177.6923828125,3284.6154785156
4100.384765625,4065.1281738281,4051.2819824219,4774.2309570312,4208.7177734375,4165.5126953125,4157.9487304688,4160.7690429688,4166.9228515625,4165.384765625,4228.7177734375,4138.58984375,4171.41015625,3283.7180175781
4105.7690429688,4068.0769042969,4061.1538085938,4774.2309570312,4208.0771484375,4163.58984375,4165.5126953125,4164.8715820312,4165.8974609375,4160.7690429688,4233.8461914062,4146.2822265625,4166.5385742188,3298.3332519531
4114.4873046875,4072.4357910156,4072.1794433594,4781.5385742188,4205.0,4160.1284179688,4162.8203125,4164.4873046875,4165.1284179688,4164.615234375,4241.0258789062,4160.0,4176.5385742188,3310.1281738281
4126.2822265625,4079.7436523438,4081.2819824219,4795.7690429688,4207.8203125,4162.9487304688,4163.3334960938,4163.9741210938,4166.2822265625,4168.9741210938,4246.5385742188,4171.794921875,4185.1284179688,3320.2563476562
4137.3076171875,4089.7436523438,4085.0,4796.794921875,4208.7177734375,4163.8461914062,4160.5126953125,4160.8974609375,4164.4873046875,4167.4360351562,4249.4873046875,4179.2309570312,4183.205078125,3326.6667480469
4136.0258789062,4087.5642089844,4086.6667480469,4790.7690429688,4209.7436523438,4168.3334960938,4162.1796875,4163.3334960938,4165.8974609375,4166.5385742188,4243.3334960938,4175.8974609375,4172.1796875,3322.0512695312
4122.4360351562,4078.4614257812,4085.7692871094,4790.2563476562,4207.9487304688,4170.1284179688,4163.8461914062,4165.1284179688,4167.5639648438,4165.5126953125,4235.0,4166.1538085938,4157.9487304688,3313.7180175781
4117.1796875,4073.4614257812,4081.794921875,4790.0,4204.2309570312,4163.8461914062,4160.6411132812,4162.8203125,4165.384765625,4164.615234375,4230.6411132812,4162.5639648438,4150.384765625,3306.2819824219
4116.0258789062,4070.6411132812,4077.3076171875,4785.7690429688,4207.5639648438,4164.8715820312,4162.8203125,4164.8715820312,4165.5126953125,4166.2822265625,4227.4360351562,4161.1538085938,4150.6411132812,3297.3076171875
4107.3076171875,4069.8718261719,4074.3588867188,4781.5385742188,4210.0,4166.6665039062,4159.3588867188,4161.5385742188,4167.3076171875,4166.1538085938,4230.384765625,4158.0771484375,4155.384765625,3303.8461914062
4111.0258789062,4072.3076171875,4080.7692871094,4782.4360351562,4210.5126953125,4164.7436523438,4157.3076171875,4160.5126953125,4166.9228515625,4162.6923828125,4233.4614257812,4158.3334960938,4159.7436523438,3322.5642089844
4128.3334960938,4076.6667480469,4086.41015625,4783.3334960938,4206.794921875,4162.8203125,4159.1025390625,4164.2309570312,4165.384765625,4165.384765625,4227.6923828125,4161.1538085938,4156.1538085938,3318.3332519531
4136.1538085938,4080.5129394531,4087.5642089844,4786.0258789062,4201.9228515625,4162.8203125,4158.58984375,4164.7436523438,4165.6411132812,4170.0,4224.1025390625,4161.1538085938,4148.8461914062,3378.4614257812
4135.7690429688,4080.6411132812,4091.2819824219,4791.41015625,4205.7690429688,4165.5126953125,4165.7690429688,4168.3334960938,4166.5385742188,4166.2822265625,4220.8974609375,4156.5385742188,4143.7177734375,3567.6923828125
4132.3076171875,4075.2563476562,4084.4870605469,4784.3588867188,4205.6411132812,4162.9487304688,4164.7436523438,4164.7436523438,4164.7436523438,4161.1538085938,4206.1538085938,4151.0258789062,4134.8715820312,3723.58984375
4125.7690429688,4067.5642089844,4075.8974609375,4776.2822265625,4208.0771484375,4164.615234375,4159.3588867188,4160.8974609375,4162.4360351562,4163.7177734375,4188.8461914062,4143.205078125,4125.0,3761.794921875
4121.9228515625,4067.1794433594,4077.5642089844,4777.0512695312,4212.4360351562,4167.5639648438,4162.4360351562,4163.9741210938,4163.7177734375,4171.0258789062,4183.4614257812,4133.3334960938,4119.615234375,3798.4614257812
4117.5639648438,4069.1025390625,4078.205078125,4776.2822265625,4206.9228515625,4162.6923828125,4162.3076171875,4162.0512695312,4165.2563476562,4169.615234375,4185.0,4132.5639648438,4117.9487304688,3855.6411132812
4113.3334960938,4065.8974609375,4077.5642089844,4776.9228515625,4208.205078125,4164.2309570312,4165.2563476562,4163.9741210938,4165.0,4165.5126953125,4183.4614257812,4137.4360351562,4116.0258789062,3882.6923828125
4110.0,4059.2307128906,4074.8718261719,4775.6411132812,4210.1284179688,4165.384765625,4164.1025390625,4165.7690429688,4165.1284179688,4167.5639648438,4184.3588867188,4135.1284179688,4115.8974609375,3906.794921875
4105.2563476562,4050.0,4071.9230957031,4768.9741210938,4205.2563476562,4163.8461914062,4159.3588867188,4162.1796875,4165.2563476562,4167.8203125,4188.205078125,4128.9741210938,4115.1284179688,3936.9230957031
4114.8715820312,4051.794921875,4079.1025390625,4771.1538085938,4207.6923828125,4168.7177734375,4160.2563476562,4163.9741210938,4166.1538085938,4167.9487304688,4193.0771484375,4135.7690429688,4119.615234375,3967.6923828125
4114.8715820312,4051.794921875,4079.1025390625,4771.1538085938,4207.6923828125,4168.7177734375,4160.2563476562,4163.9741210938,4166.1538085938,4167.9487304688,4193.0771484375,4135.7690429688,4119.615234375,3967.6923828125
4137.0512695312,4074.7436523438,4094.2307128906,4781.6665039062,4209.2309570312,4168.0771484375,4158.3334960938,4164.615234375,4166.794921875,4168.7177734375,4204.2309570312,4157.1796875,4135.384765625,4005.3845214844
4150.5126953125,4093.8461914062,4103.58984375,4790.2563476562,4205.0,4165.6411132812,4162.8203125,4164.3588867188,4166.9228515625,4167.5639648438,4211.9228515625,4168.9741210938,4140.8974609375,4038.3332519531
4150.5126953125,4093.7180175781,4099.615234375,4789.615234375,4204.2309570312,4165.6411132812,4162.5639648438,4163.205078125,4165.0,4168.205078125,4203.205078125,4163.3334960938,4129.3588867188,4054.2307128906
4121.6665039062,4073.8461914062,4080.8974609375,4770.8974609375,4203.3334960938,4157.5639648438,4156.9228515625,4163.9741210938,4165.384765625,4167.1796875,4162.9487304688,4122.6923828125,4093.3332519531,4110.0
4116.2822265625,4074.3588867188,4075.8974609375,4767.4360351562,4207.8203125,4164.3588867188,4160.2563476562,4161.9228515625,4167.5639648438,4164.7436523438,4159.3588867188,4117.0512695312,4087.8205566406,4119.7436523438
4123.3334960938,4087.1794433594,4086.5385742188,4768.7177734375,4210.384765625,4167.9487304688,4161.2822265625,4161.41015625,4164.2309570312,4160.0,4166.5385742188,4122.4360351562,4092.8205566406,4135.6411132812
4148.8461914062,4110.384765625,4107.6923828125,4779.7436523438,4208.0771484375,4164.8715820312,4160.5126953125,4162.1796875,4162.9487304688,4164.2309570312,4180.8974609375,4142.9487304688,4109.2309570312,4162.6923828125
4170.6411132812,4128.0771484375,4126.2822265625,4791.41015625,4210.6411132812,4166.2822265625,4163.0771484375,4166.0258789062,4167.4360351562,4168.7177734375,4188.3334960938,4162.3076171875,4122.5639648438,4193.58984375
4177.1796875,4131.6665039062,4130.8974609375,4795.5126953125,4209.3588867188,4167.1796875,4161.5385742188,4166.1538085938,4164.615234375,4165.0,4193.9741210938,4173.4614257812,4130.8974609375,4212.5639648438
4186.5385742188,4142.3076171875,4136.9228515625,4802.4360351562,4209.4873046875,4168.0771484375,4164.4873046875,4165.5126953125,4158.9741210938,4165.8974609375,4201.0258789062,4184.4873046875,4141.41015625,4229.7436523438
4193.3334960938,4156.0258789062,4141.5385742188,4804.7436523438,4209.615234375,4163.58984375,4161.2822265625,4161.0258789062,4161.0258789062,4170.0,4208.205078125,4194.615234375,4151.0258789062,4247.0512695312
4175.6411132812,4136.9228515625,4125.7690429688,4789.615234375,4207.6923828125,4161.41015625,4158.3334960938,4160.6411132812,4164.1025390625,4168.0771484375,4194.3588867188,4176.0258789062,4136.5385742188,4240.0
4159.7436523438,4117.1796875,4116.2822265625,4781.41015625,4208.205078125,4165.384765625,4164.3588867188,4167.9487304688,4164.8715820312,4166.9228515625,4164.3588867188,4148.3334960938,4110.5126953125,4225.0
4169.3588867188,4137.8203125,4136.0258789062,4798.7177734375,4207.5639648438,4164.7436523438,4162.3076171875,4167.8203125,4166.2822265625,4168.9741210938,4153.205078125,4163.0771484375,4099.8715820312,4228.8461914062
4185.6411132812,4162.8203125,4164.2309570312,4817.4360351562,4209.3588867188,4165.1284179688,4161.2822265625,4166.2822265625,4167.6923828125,4168.0771484375,4150.7690429688,4203.7177734375,4109.615234375,4248.7177734375
4197.8203125,4172.5639648438,4185.0,4821.2822265625,4207.6923828125,4166.1538085938,4160.2563476562,4163.7177734375,4164.8715820312,4168.4614257812,4137.8203125,4230.5126953125,4125.8974609375,4268.0771484375
4213.0771484375,4187.6923828125,4211.2822265625,4826.6665039062,4205.8974609375,4165.5126953125,4159.1025390625,4160.6411132812,4163.0771484375,4170.5126953125,4120.2563476562,4246.0258789062,4113.3334960938,4276.9228515625
4228.7177734375,4209.615234375,4238.58984375,4839.4873046875,4208.3334960938,4164.7436523438,4165.2563476562,4165.2563476562,4165.8974609375,4165.1284179688,4101.5385742188,4260.5126953125,4080.1281738281,4287.0512695312
4243.8461914062,4235.7690429688,4256.9228515625,4851.6665039062,4205.7690429688,4162.4360351562,4162.3076171875,4165.6411132812,4166.41015625,4159.615234375,4087.4357910156,4273.9741210938,4073.3332519531,4304.615234375
4259.3588867188,4256.794921875,4274.7436523438,4867.0512695312,4208.3334960938,4163.3334960938,4161.5385742188,4163.0771484375,4165.1284179688,4164.3588867188,4073.58984375,4275.8974609375,4080.3845214844,4315.6411132812
4255.1284179688,4251.794921875,4274.8715820312,4870.384765625,4210.5126953125,4163.4614257812,4161.794921875,4161.41015625,4164.4873046875,4170.5126953125,4042.3076171875,4249.8715820312,4063.8461914062,4307.0512695312
4241.41015625,4245.1284179688,4270.0,4866.794921875,4204.8715820312,4163.7177734375,4157.6923828125,4161.2822265625,4164.615234375,4170.8974609375,4013.0769042969,4223.4614257812,4049.3588867188,4296.794921875
4246.2822265625,4260.6411132812,4282.9487304688,4877.1796875,4206.0258789062,4168.205078125,4164.8715820312,4165.1284179688,4165.8974609375,4165.0,4007.9487304688,4223.0771484375,4055.1281738281,4306.6665039062
4250.5126953125,4269.2309570312,4287.0512695312,4880.8974609375,4206.794921875,4164.4873046875,4163.4614257812,4163.58984375,4166.1538085938,4160.5126953125,3996.6667480469,4217.4360351562,4050.8974609375,4310.384765625
4247.3076171875,4265.0,4283.8461914062,4877.1796875,4206.6665039062,4162.5639648438,4157.6923828125,4162.4360351562,4165.0,4165.2563476562,3972.1794433594,4199.2309570312,4037.9487304688,4303.7177734375
4261.6665039062,4275.1284179688,4297.1796875,4886.2822265625,4208.8461914062,4166.0258789062,4160.384765625,4163.9741210938,4165.0,4170.2563476562,3959.8718261719,4205.384765625,4038.7180175781,4312.8203125
4271.794921875,4285.384765625,4315.6411132812,4897.1796875,4207.3076171875,4164.2309570312,4162.3076171875,4163.3334960938,4166.9228515625,4166.0258789062,3952.5642089844,4218.4614257812,4037.1794433594,4319.7436523438
4265.0,4280.8974609375,4324.7436523438,4903.4614257812,4209.2309570312,4167.0512695312,4167.3076171875,4166.0258789062,4168.4614257812,4163.3334960938,3934.7436523438,4207.8203125,4018.205078125,4313.205078125
4264.4873046875,4278.4614257812,4326.41015625,4906.41015625,4208.7177734375,4166.9228515625,4162.5639648438,4164.615234375,4167.1796875,4168.205078125,3921.794921875,4199.8715820312,4005.1281738281,4312.4360351562
4266.6665039062,4274.615234375,4323.3334960938,4903.0771484375,4205.2563476562,4160.8974609375,4155.7690429688,4161.9228515625,4166.2822265625,4170.6411132812,3915.2563476562,4196.2822265625,4000.2563476562,4314.3588867188
4256.41015625,4265.0,4312.0512695312,4892.0512695312,4210.384765625,4163.9741210938,4160.1284179688,4165.6411132812,4167.1796875,4165.1284179688,3895.7692871094,4172.5639648438,3983.8461914062,4305.1284179688
4248.58984375,4265.384765625,4307.6923828125,4889.4873046875,4213.8461914062,4167.9487304688,4159.615234375,4166.41015625,4165.384765625,4161.794921875,3883.9743652344,4158.8461914062,3981.0256347656,4299.3588867188
4256.6665039062,4272.4360351562,4318.3334960938,4897.9487304688,4210.384765625,4167.6923828125,4162.4360351562,4166.2822265625,4163.58984375,4164.8715820312,3896.9230957031,4169.7436523438,4002.3076171875,4313.4614257812
4264.3588867188,4270.8974609375,4321.0258789062,4896.0258789062,4204.8715820312,4166.1538085938,4165.8974609375,4167.9487304688,4164.7436523438,4165.6411132812,3907.5642089844,4172.8203125,4013.7180175781,4326.5385742188
4264.7436523438,4265.2563476562,4316.1538085938,4886.9228515625,4206.5385742188,4167.0512695312,4163.9741210938,4167.0512695312,4166.41015625,4162.8203125,3897.4357910156,4163.7177734375,4007.0512695312,4328.205078125
4262.3076171875,4269.3588867188,4317.8203125,4884.3588867188,4210.7690429688,4166.794921875,4164.1025390625,4165.7690429688,4165.7690429688,4166.0258789062,3884.7436523438,4157.4360351562,3993.58984375,4328.9741210938
4260.8974609375,4278.205078125,4321.1538085938,4892.9487304688,4206.9228515625,4163.4614257812,4158.3334960938,4162.0512695312,4165.7690429688,4169.1025390625,3884.8718261719,4155.1284179688,3987.1794433594,4326.9228515625
4258.9741210938,4274.1025390625,4322.0512695312,4886.0258789062,4207.8203125,4166.2822265625,4158.58984375,4165.5126953125,4167.8203125,4166.5385742188,3876.2819824219,4143.7177734375,3978.58984375,4320.0
4247.8203125,4268.3334960938,4317.0512695312,4826.9228515625,4208.58984375,4164.3588867188,4161.6665039062,4166.2822265625,4167.1796875,4167.9487304688,3855.8974609375,4126.2822265625,3957.3076171875,4309.615234375
4246.1538085938,4275.384765625,4315.8974609375,4767.0512695312,4207.0512695312,4159.615234375,4159.7436523438,4159.615234375,4164.2309570312,4169.4873046875,3858.4614257812,4127.3076171875,3953.58984375,4309.2309570312
4251.1538085938,4275.8974609375,4316.2822265625,4755.5126953125,4211.5385742188,4165.2563476562,4163.7177734375,4161.6665039062,4164.615234375,4167.9487304688,3872.0512695312,4135.2563476562,3969.7436523438,4319.8715820312
4235.1284179688,4261.794921875,4303.3334960938,4746.6665039062,4209.1025390625,4164.615234375,4161.794921875,4161.5385742188,4166.5385742188,4168.4614257812,3864.6154785156,4126.9228515625,3967.5642089844,4313.0771484375
4218.8461914062,4254.4873046875,4294.615234375,4727.0512695312,4205.2563476562,4162.1796875,4161.5385742188,4160.8974609375,4167.1796875,4168.205078125,3852.6923828125,4114.7436523438,3950.2563476562,4301.794921875
4225.7690429688,4258.0771484375,4299.615234375,4727.3076171875,4205.8974609375,4165.0,4162.6923828125,4163.3334960938,4164.8715820312,4167.4360351562,3860.7692871094,4117.1796875,3955.6411132812,4311.1538085938
4231.6665039062,4261.0258789062,4303.58984375,4733.3334960938,4205.0,4163.3334960938,4159.3588867188,4162.3076171875,4162.0512695312,4167.0512695312,3876.2819824219,4122.1796875,3972.6923828125,4319.615234375
4232.3076171875,4265.7690429688,4302.0512695312,4732.8203125,4206.794921875,4164.615234375,4162.9487304688,4162.6923828125,4162.8203125,4168.0771484375,3881.794921875,4122.4360351562,3977.5642089844,4320.0
4240.2563476562,4274.8715820312,4300.1284179688,4735.1284179688,4207.3076171875,4165.8974609375,4160.6411132812,4158.9741210938,4164.8715820312,4167.5639648438,3886.5385742188,4127.1796875,3985.8974609375,4322.1796875
4239.7436523438,4275.8974609375,4303.0771484375,4734.8715820312,4205.7690429688,4163.58984375,4161.1538085938,4161.6665039062,4165.7690429688,4168.0771484375,3888.205078125,4128.205078125,3991.9230957031,4319.4873046875
4227.1796875,4264.3588867188,4297.6923828125,4727.1796875,4205.7690429688,4163.4614257812,4166.9228515625,4168.7177734375,4164.4873046875,4169.1025390625,3876.41015625,4116.2822265625,3978.205078125,4308.7177734375
4226.1538085938,4260.8974609375,4287.9487304688,4722.6923828125,4205.1284179688,4160.6411132812,4161.0258789062,4163.7177734375,4161.9228515625,4167.6923828125,3869.1025390625,4109.2309570312,3967.1794433594,4302.9487304688
4233.7177734375,4270.7690429688,4291.6665039062,4727.9487304688,4210.2563476562,4162.0512695312,4160.2563476562,4162.6923828125,4162.8203125,4168.205078125,3877.8205566406,4115.384765625,3977.3076171875,4310.384765625
4228.8461914062,4273.0771484375,4291.1538085938,4726.2822265625,4211.2822265625,4166.2822265625,4160.5126953125,4164.1025390625,4164.3588867188,4169.615234375,3888.58984375,4123.7177734375,3987.9487304688,4312.6923828125
4221.5385742188,4266.5385742188,4282.9487304688,4717.3076171875,4206.9228515625,4167.1796875,4160.1284179688,4163.0771484375,4163.205078125,4168.205078125,3891.9230957031,4124.4873046875,3989.8718261719,4309.1025390625
4225.7690429688,4267.5639648438,4287.9487304688,4717.4360351562,4206.5385742188,4165.8974609375,4163.7177734375,4167.8203125,4163.4614257812,4166.6665039062,3900.0,4126.9228515625,3995.1281738281,4319.615234375
4229.3588867188,4272.9487304688,4295.6411132812,4721.5385742188,4203.4614257812,4160.6411132812,4159.8715820312,4166.794921875,4163.58984375,4168.0771484375,3915.6411132812,4139.2309570312,4005.5129394531,4333.8461914062
4229.2309570312,4270.5126953125,4292.6923828125,4721.5385742188,4204.3588867188,4160.7690429688,4160.5126953125,4162.6923828125,4163.4614257812,4167.6923828125,3922.4357910156,4145.7690429688,4011.794921875,4338.4614257812
4234.7436523438,4272.5639648438,4290.384765625,4720.7690429688,4208.205078125,4162.1796875,4159.3588867188,4161.0258789062,4164.615234375,4166.6665039062,3925.2563476562,4145.5126953125,4012.8205566406,4340.1284179688
4244.7436523438,4283.3334960938,4298.9741210938,4725.7690429688,4207.5639648438,4163.3334960938,4159.2309570312,4163.58984375,4165.5126953125,4168.8461914062,3934.3588867188,4151.9228515625,4016.6667480469,4344.615234375
4238.0771484375,4279.3588867188,4300.2563476562,4727.0512695312,4205.7690429688,4166.2822265625,4168.8461914062,4168.8461914062,4164.615234375,4169.8715820312,3933.3332519531,4148.58984375,4013.9743652344,4341.0258789062
4209.2309570312,4257.8203125,4277.6923828125,4711.0258789062,4203.7177734375,4158.8461914062,4163.205078125,4164.615234375,4163.4614257812,4168.4614257812,3912.5642089844,4122.1796875,3993.8461914062,4317.3076171875
4188.58984375,4240.8974609375,4256.1538085938,4695.0,4208.0771484375,4158.4614257812,4157.1796875,4163.4614257812,4165.384765625,4167.5639648438,3889.2307128906,4090.8974609375,3969.2307128906,4295.384765625
4182.5639648438,4232.4360351562,4248.7177734375,4686.41015625,4209.1025390625,4165.2563476562,4162.3076171875,4165.7690429688,4165.384765625,4168.4614257812,3877.1794433594,4073.8461914062,3957.0512695312,4287.0512695312
4168.58984375,4215.6411132812,4240.7690429688,4674.8715820312,4203.7177734375,4162.8203125,4162.4360351562,4163.0771484375,4163.58984375,4168.3334960938,3871.0256347656,4064.4870605469,3951.0256347656,4273.8461914062
4159.8715820312,4197.5639648438,4236.9228515625,4670.2563476562,4203.9741210938,4161.794921875,4162.0512695312,4164.3588867188,4165.7690429688,4165.0,3873.9743652344,4059.2307128906,3946.9230957031,4272.1796875
4172.8203125,4202.5639648438,4245.0,4677.8203125,4203.8461914062,4163.8461914062,4160.7690429688,4165.384765625,4164.8715820312,4165.2563476562,3892.1794433594,4072.6923828125,3961.0256347656,4288.0771484375
4186.9228515625,4215.5126953125,4252.6923828125,4682.1796875,4207.8203125,4165.1284179688,4165.5126953125,4164.7436523438,4163.3334960938,4168.9741210938,3907.1794433594,4086.1538085938,3976.794921875,4292.3076171875
4185.7690429688,4212.5639648438,4248.205078125,4673.58984375,4212.0512695312,4164.615234375,4165.0,4163.0771484375,4166.1538085938,4166.41015625,3909.2307128906,4079.2307128906,3976.794921875,4285.0
4180.6411132812,4206.0258789062,4240.5126953125,4666.2822265625,4206.6665039062,4164.3588867188,4157.0512695312,4161.0258789062,4167.6923828125,4162.6923828125,3909.2307128906,4075.6411132812,3976.794921875,4286.41015625
4183.4614257812,4206.1538085938,4245.7690429688,4669.3588867188,4207.4360351562,4168.0771484375,4164.7436523438,4165.7690429688,4165.5126953125,4165.7690429688,3906.0256347656,4077.6923828125,3973.9743652344,4293.4614257812
4187.1796875,4202.8203125,4249.3588867188,4671.41015625,4206.41015625,4164.8715820312,4165.1284179688,4167.3076171875,4166.2822265625,4170.5126953125,3907.3076171875,4075.2563476562,3965.3845214844,4289.7436523438
4189.8715820312,4203.8461914062,4247.8203125,4671.6665039062,4201.1538085938,4162.5639648438,4159.1025390625,4164.3588867188,4167.6923828125,4170.5126953125,3921.794921875,4086.1538085938,3967.6923828125,4289.4873046875
4196.5385742188,4212.6923828125,4250.8974609375,4673.8461914062,4206.6665039062,4167.9487304688,4164.2309570312,4163.7177734375,4166.1538085938,4163.7177734375,3937.0512695312,4104.7436523438,3980.6411132812,4304.615234375
4191.6665039062,4205.7690429688,4246.5385742188,4670.6411132812,4209.4873046875,4165.8974609375,4161.794921875,4161.794921875,4164.615234375,4159.2309570312,3940.7692871094,4107.3076171875,3987.6923828125,4304.2309570312
4172.6923828125,4181.2822265625,4238.58984375,4664.3588867188,4204.7436523438,4163.205078125,4161.6665039062,4163.9741210938,4165.384765625,4163.9741210938,3936.2819824219,4095.5129394531,3984.7436523438,4285.384765625
4160.5126953125,4166.6665039062,4232.9487304688,4655.384765625,4200.1284179688,4162.0512695312,4166.41015625,4165.2563476562,4166.0258789062,4170.5126953125,3931.6667480469,4083.8461914062,3980.7692871094,4276.2822265625
4160.6411132812,4170.6411132812,4225.5126953125,4650.6411132812,4203.3334960938,4158.9741210938,4163.4614257812,4162.5639648438,4162.9487304688,4169.3588867188,3932.3076171875,4076.41015625,3980.5129394531,4274.8715820312
4160.1284179688,4172.1796875,4218.0771484375,4655.8974609375,4209.4873046875,4162.9487304688,4161.41015625,4162.0512695312,4162.0512695312,4167.1796875,3931.794921875,4073.3332519531,3978.3332519531,4270.0
4159.3588867188,4166.6665039062,4216.2822265625,4653.3334960938,4206.0258789062,4165.1284179688,4159.615234375,4160.384765625,4165.8974609375,4168.7177734375,3928.0769042969,4072.3076171875,3978.3332519531,4268.58984375
4170.2563476562,4170.1284179688,4225.1284179688,4652.3076171875,4204.2309570312,4165.7690429688,4160.8974609375,4162.9487304688,4167.0512695312,4169.3588867188,3935.7692871094,4075.1281738281,3988.7180175781,4277.0512695312
4184.615234375,4180.8974609375,4230.2563476562,4664.7436523438,4205.1284179688,4166.6665039062,4162.0512695312,4163.9741210938,4164.615234375,4168.8461914062,3952.6923828125,4090.1281738281,4001.9230957031,4283.205078125
4189.4873046875,4188.4614257812,4232.4360351562,4669.3588867188,4203.7177734375,4165.6411132812,4161.0258789062,4161.0258789062,4165.0,4167.3076171875,3961.41015625,4103.9741210938,4008.3332519531,4283.8461914062
4186.5385742188,4189.615234375,4236.5385742188,4660.8974609375,4210.0,4166.0258789062,4164.1025390625,4163.8461914062,4168.9741210938,4167.3076171875,3964.2307128906,4108.8461914062,4010.3845214844,4291.1538085938
4179.3588867188,4182.0512695312,4228.58984375,4650.0,4212.5639648438,4165.2563476562,4160.7690429688,4163.205078125,4167.9487304688,4168.0771484375,3970.8974609375,4112.8203125,4012.8205566406,4290.1284179688
4167.9487304688,4165.2563476562,4218.205078125,4642.9487304688,4210.1284179688,4166.794921875,4162.0512695312,4163.8461914062,4164.2309570312,4168.58984375,3969.4870605469,4106.0258789062,4006.2819824219,4275.5126953125
4157.9487304688,4155.384765625,4212.4360351562,4635.8974609375,4206.2822265625,4166.5385742188,4165.6411132812,4168.58984375,4164.615234375,4168.58984375,3961.41015625,4095.1281738281,4003.9743652344,4269.4873046875
4153.9741210938,4156.6665039062,4207.3076171875,4635.2563476562,4203.9741210938,4163.8461914062,4159.1025390625,4166.0258789062,4166.0258789062,4167.9487304688,3963.7180175781,4096.6665039062,4018.3332519531,4269.4873046875
4155.384765625,4154.8715820312,4207.3076171875,4639.4873046875,4210.0,4166.2822265625,4164.8715820312,4162.9487304688,4165.0,4166.2822265625,3963.4614257812,4093.7180175781,4015.7692871094,4264.615234375
4158.0771484375,4155.0,4203.3334960938,4633.0771484375,4208.7177734375,4165.0,4165.0,4161.41015625,4164.615234375,4163.205078125,3957.0512695312,4083.205078125,3998.58984375,4261.794921875
4164.8715820312,4167.8203125,4201.2822265625,4633.9741210938,4204.8715820312,4166.0258789062,4160.0,4163.8461914062,4167.0512695312,4164.8715820312,3962.1794433594,4084.8718261719,4001.2819824219,4267.3076171875
4171.9228515625,4179.2309570312,4207.8203125,4647.3076171875,4207.6923828125,4169.4873046875,4166.1538085938,4167.9487304688,4166.2822265625,4169.8715820312,3969.2307128906,4091.0256347656,4008.205078125,4268.4614257812
4169.3588867188,4182.6923828125,4210.6411132812,4648.3334960938,4204.8715820312,4163.7177734375,4165.0,4165.384765625,4163.7177734375,4168.7177734375,3971.1538085938,4091.0256347656,4003.4614257812,4264.615234375
4168.7177734375,4185.5126953125,4208.7177734375,4643.0771484375,4204.615234375,4163.0771484375,4162.3076171875,4166.2822265625,4165.0,4166.0258789062,3981.9230957031,4096.0258789062,4008.7180175781,4273.4614257812
4176.794921875,4189.8715820312,4207.5639648438,4643.58984375,4208.58984375,4164.8715820312,4158.4614257812,4163.7177734375,4164.8715820312,4168.205078125,4000.0,4110.5126953125,4023.7180175781,4282.4360351562
4176.794921875,4186.1538085938,4208.3334960938,4640.1284179688,4206.794921875,4163.4614257812,4157.5639648438,4159.4873046875,4164.8715820312,4171.5385742188,4006.1538085938,4123.0771484375,4028.7180175781,4277.0512695312
4164.7436523438,4172.0512695312,4206.41015625,4629.2309570312,4202.3076171875,4166.2822265625,4164.1025390625,4167.4360351562,4166.794921875,4167.3076171875,4002.9487304688,4124.615234375,4024.6154785156,4276.0258789062
4158.205078125,4167.8203125,4203.8461914062,4622.3076171875,4200.384765625,4165.6411132812,4162.0512695312,4167.9487304688,4163.9741210938,4161.6665039062,3997.3076171875,4125.384765625,4019.6154785156,4280.1284179688
4164.7436523438,4173.4614257812,4203.8461914062,4623.0771484375,4205.8974609375,4165.2563476562,4162.4360351562,4163.205078125,4162.6923828125,4163.4614257812,3994.2307128906,4129.7436523438,4019.3588867188,4280.0
4166.6665039062,4171.9228515625,4199.8715820312,4617.4360351562,4207.8203125,4165.6411132812,4163.0771484375,4165.7690429688,4166.0258789062,4167.4360351562,4005.7692871094,4138.0771484375,4027.1794433594,4278.3334960938
4171.2822265625,4176.794921875,4207.4360351562,4614.3588867188,4204.3588867188,4164.2309570312,4160.2563476562,4167.9487304688,4166.9228515625,4169.2309570312,4026.9230957031,4158.7177734375,4039.4870605469,4285.7690429688
4189.1025390625,4198.4614257812,4229.3588867188,4628.7177734375,4206.794921875,4166.794921875,4164.7436523438,4167.3076171875,4166.1538085938,4167.5639648438,4047.6923828125,4183.8461914062,4057.8205566406,4305.7690429688
4198.205078125,4206.5385742188,4235.6411132812,4637.6923828125,4205.0,4166.6665039062,4161.794921875,4161.794921875,4165.384765625,4164.4873046875,4064.3588867188,4197.4360351562,4075.8974609375,4312.0512695312
4195.0,4195.6411132812,4226.0258789062,4626.41015625,4200.8974609375,4162.9487304688,4158.4614257812,4162.1796875,4164.1025390625,4164.615234375,4062.4357910156,4194.1025390625,4072.3076171875,4304.1025390625
4189.615234375,4186.41015625,4218.3334960938,4609.3588867188,4202.9487304688,4159.1025390625,4159.4873046875,4166.0258789062,4163.9741210938,4168.0771484375,4052.5642089844,4187.3076171875,4055.6411132812,4301.0258789062
4179.4873046875,4173.205078125,4216.794921875,4602.1796875,4204.615234375,4162.8203125,4158.58984375,4164.1025390625,4164.615234375,4170.5126953125,4059.2307128906,4190.2563476562,4056.2819824219,4295.6411132812
4171.6665039062,4163.7177734375,4218.58984375,4600.5126953125,4204.1025390625,4173.4614257812,4166.794921875,4168.0771484375,4165.7690429688,4166.9228515625,4065.8974609375,4193.9741210938,4065.6411132812,4289.2309570312
4170.2563476562,4163.9741210938,4214.2309570312,4591.6665039062,4199.4873046875,4167.8203125,4164.2309570312,4167.6923828125,4167.3076171875,4162.3076171875,4066.1538085938,4196.1538085938,4069.4870605469,4285.2563476562
4168.9741210938,4159.1025390625,4207.8203125,4586.794921875,4202.3076171875,4159.615234375,4158.0771484375,4162.9487304688,4166.794921875,4163.58984375,4075.2563476562,4206.5385742188,4071.9230957031,4283.4614257812
4171.6665039062,4156.41015625,4208.7177734375,4587.3076171875,4206.5385742188,4166.5385742188,4162.3076171875,4161.1538085938,4165.7690429688,4168.58984375,4085.6411132812,4218.9741210938,4078.7180175781,4289.7436523438
4166.794921875,4158.4614257812,4206.41015625,4582.4360351562,4199.615234375,4166.41015625,4158.58984375,4157.9487304688,4165.384765625,4170.2563476562,4093.0769042969,4220.2563476562,4089.7436523438,4287.3076171875
4144.8715820312,4145.384765625,4196.0258789062,4575.6411132812,4198.8461914062,4162.8203125,4159.1025390625,4163.205078125,4165.2563476562,4166.9228515625,4092.5642089844,4208.0771484375,4086.794921875,4267.6923828125
4135.384765625,4130.5126953125,4183.58984375,4567.9487304688,4201.1538085938,4160.8974609375,4161.5385742188,4167.6923828125,4164.615234375,4164.4873046875,4088.58984375,4202.4360351562,4081.6667480469,4259.4873046875
4151.6665039062,4136.0258789062,4185.2563476562,4563.0771484375,4202.4360351562,4159.615234375,4160.7690429688,4164.3588867188,4167.5639648438,4166.1538085938,4100.5126953125,4215.8974609375,4101.5385742188,4277.4360351562
4165.0,4141.5385742188,4195.0,4565.384765625,4206.6665039062,4165.1284179688,4161.794921875,4161.5385742188,4169.4873046875,4163.4614257812,4120.5126953125,4231.6665039062,4129.7436523438,4294.3588867188
4156.9228515625,4136.0258789062,4190.5126953125,4567.6923828125,4202.6923828125,4165.6411132812,4159.2309570312,4160.1284179688,4164.8715820312,4162.1796875,4130.2563476562,4234.1025390625,4140.1284179688,4289.8715820312
4147.8203125,4134.7436523438,4186.1538085938,4563.8461914062,4200.6411132812,4163.4614257812,4164.7436523438,4163.4614257812,4162.5639648438,4166.1538085938,4127.5639648438,4226.5385742188,4135.5126953125,4282.8203125
4150.0,4136.794921875,4188.205078125,4556.1538085938,4203.8461914062,4162.9487304688,4165.5126953125,4164.3588867188,4163.8461914062,4163.8461914062,4131.41015625,4226.41015625,4142.6923828125,4287.6923828125
4154.2309570312,4133.9741210938,4185.6411132812,4554.615234375,4203.8461914062,4163.0771484375,4158.0771484375,4163.4614257812,4163.9741210938,4162.3076171875,4141.2822265625,4234.8715820312,4158.4614257812,4291.0258789062
4153.9741210938,4133.205078125,4178.9741210938,4556.2822265625,4204.2309570312,4164.4873046875,4158.58984375,4167.0512695312,4165.1284179688,4165.6411132812,4140.1284179688,4231.41015625,4158.58984375,4285.6411132812
4151.1538085938,4135.5126953125,4175.0,4553.9741210938,4201.5385742188,4164.8715820312,4156.794921875,4165.384765625,4165.1284179688,4163.3334960938,4143.3334960938,4226.5385742188,4156.9228515625,4281.794921875
4151.794921875,4128.9741210938,4178.205078125,4554.2309570312,4202.0512695312,4169.1025390625,4159.615234375,4164.8715820312,4164.2309570312,4161.2822265625,4161.2822265625,4237.3076171875,4171.2822265625,4292.4360351562
4145.8974609375,4117.4360351562,4173.4614257812,4553.7177734375,4202.9487304688,4167.1796875,4162.5639648438,4166.41015625,4163.8461914062,4168.58984375,4169.7436523438,4238.3334960938,4179.3588867188,4297.3076171875
4136.2822265625,4112.4360351562,4159.4873046875,4547.3076171875,4199.1025390625,4161.9228515625,4157.8203125,4164.1025390625,4163.4614257812,4171.794921875,4163.205078125,4220.0,4168.58984375,4284.1025390625
4139.4873046875,4116.1538085938,4157.0512695312,4547.0512695312,4201.1538085938,4165.8974609375,4160.5126953125,4163.0771484375,4165.384765625,4163.8461914062,4170.1284179688,4215.5126953125,4168.58984375,4283.0771484375
4142.8203125,4121.0258789062,4160.8974609375,4547.5639648438,4201.5385742188,4164.2309570312,4159.2309570312,4160.0,4165.384765625,4160.2563476562,4193.58984375,4229.4873046875,4187.3076171875,4289.7436523438
4140.7690429688,4123.4614257812,4160.8974609375,4546.41015625,4198.9741210938,4162.4360351562,4159.615234375,4161.9228515625,4163.7177734375,4164.7436523438,4209.2309570312,4233.4614257812,4198.0771484375,4288.4614257812
4147.9487304688,4129.4873046875,4158.8461914062,4552.6923828125,4199.615234375,4167.9487304688,4165.384765625,4167.4360351562,4165.384765625,4165.6411132812,4217.6923828125,4233.3334960938,4198.205078125,4290.6411132812
4156.794921875,4132.4360351562,4155.8974609375,4556.2822265625,4199.4873046875,4167.4360351562,4161.2822265625,4164.2309570312,4165.6411132812,4162.3076171875,4220.7690429688,4234.615234375,4195.384765625,4288.9741210938
4147.6923828125,4125.1284179688,4146.0258789062,4549.1025390625,4201.5385742188,4164.3588867188,4161.5385742188,4161.9228515625,4165.7690429688,4166.5385742188,4208.9741210938,4214.3588867188,4180.7690429688,4278.8461914062
4131.2822265625,4119.8715820312,4129.7436523438,4534.615234375,4200.384765625,4163.4614257812,4161.5385742188,4161.0258789062,4168.0771484375,4172.1796875,4200.0,4191.6665039062,4170.5126953125,4266.9228515625
4131.1538085938,4121.794921875,4125.2563476562,4528.9741210938,4199.615234375,4165.384765625,4159.1025390625,4161.2822265625,4167.6923828125,4169.2309570312,4211.5385742188,4192.4360351562,4188.8461914062,4264.4873046875
4135.1284179688,4119.2309570312,4126.9228515625,4532.5639648438,4201.5385742188,4166.5385742188,4161.9228515625,4164.8715820312,4163.7177734375,4168.4614257812,4226.2822265625,4194.7436523438,4209.8715820312,4274.2309570312
4127.8203125,4110.6411132812,4118.0771484375,4529.4873046875,4198.4614257812,4163.205078125,4158.7177734375,4163.0771484375,4162.8203125,4168.3334960938,4233.3334960938,4189.4873046875,4213.9741210938,4281.6665039062
4126.41015625,4108.4614257812,4113.58984375,4526.41015625,4201.1538085938,4165.7690429688,4158.8461914062,4161.2822265625,4165.6411132812,4165.384765625,4238.7177734375,4190.384765625,4216.1538085938,4283.8461914062
4129.2309570312,4108.58984375,4110.2563476562,4525.1284179688,4203.3334960938,4166.0258789062,4159.3588867188,4160.8974609375,4164.8715820312,4167.8203125,4242.3076171875,4188.4614257812,4216.6665039062,4280.8974609375
4127.9487304688,4107.8203125,4106.6665039062,4526.9228515625,4199.7436523438,4164.3588867188,4160.2563476562,4161.5385742188,4163.205078125,4169.4873046875,4247.9487304688,4183.9741210938,4212.0512695312,4277.4360351562
4136.0258789062,4116.41015625,4112.0512695312,4533.4614257812,4200.1284179688,4168.0771484375,4163.4614257812,4164.3588867188,4163.58984375,4166.1538085938,4257.3076171875,4189.7436523438,4215.0,4285.5126953125
4146.1538085938,4133.9741210938,4115.7690429688,4535.8974609375,4198.7177734375,4166.0258789062,4156.41015625,4160.2563476562,4165.0,4162.8203125,4263.7177734375,4195.7690429688,4228.58984375,4296.41015625
4148.3334960938,4144.615234375,4115.7690429688,4539.2309570312,4200.0,4163.7177734375,4156.9228515625,4161.2822265625,4166.6665039062,4162.9487304688,4262.9487304688,4191.6665039062,4239.2309570312,4297.9487304688
4146.2822265625,4141.5385742188,4115.6411132812,4540.7690429688,4202.1796875,4165.2563476562,4161.0258789062,4163.7177734375,4165.8974609375,4168.0771484375,4257.4360351562,4185.0,4239.2309570312,4293.205078125
4144.4873046875,4140.5126953125,4115.1284179688,4539.4873046875,4199.8715820312,4166.0258789062,4156.9228515625,4160.8974609375,4164.2309570312,4171.794921875,4252.1796875,4182.9487304688,4233.9741210938,4289.1025390625
4142.6923828125,4142.8203125,4118.58984375,4542.1796875,4201.5385742188,4167.5639648438,4161.6665039062,4165.384765625,4166.0258789062,4164.1025390625,4248.7177734375,4178.9741210938,4228.8461914062,4289.2309570312
4132.4360351562,4135.8974609375,4113.4614257812,4538.58984375,4201.41015625,4165.1284179688,4163.0771484375,4165.7690429688,4167.4360351562,4160.5126953125,4242.8203125,4168.7177734375,4223.4614257812,4281.41015625
4122.5639648438,4129.1025390625,4101.41015625,4532.5639648438,4201.6665039062,4165.6411132812,4161.794921875,4162.8203125,4166.6665039062,4168.3334960938,4236.1538085938,4161.9228515625,4218.4614257812,4270.0
4122.6923828125,4133.9741210938,4098.3334960938,4533.58984375,4204.3588867188,4168.9741210938,4162.1796875,4163.4614257812,4166.41015625,4166.5385742188,4238.7177734375,4164.3588867188,4219.2309570312,4270.8974609375
4126.0258789062,4143.9741210938,4104.4873046875,4534.615234375,4201.5385742188,4165.8974609375,4159.2309570312,4161.2822265625,4165.0,4159.615234375,4245.6411132812,4170.8974609375,4225.2563476562,4276.1538085938
4129.615234375,4150.6411132812,4110.6411132812,4533.0771484375,4200.8974609375,4164.615234375,4164.1025390625,4164.3588867188,4163.9741210938,4163.205078125,4244.2309570312,4170.384765625,4226.794921875,4280.8974609375
4134.4873046875,4159.8715820312,4108.8461914062,4533.7177734375,4201.41015625,4163.0771484375,4163.9741210938,4164.3588867188,4164.615234375,4167.4360351562,4235.2563476562,4163.205078125,4218.0771484375,4276.0258789062
4136.1538085938,4169.8715820312,4108.205078125,4538.7177734375,4201.5385742188,4165.1284179688,4160.6411132812,4161.1538085938,4165.0,4166.1538085938,4228.205078125,4156.0258789062,4207.5639648438,4263.7177734375
4129.8715820312,4171.6665039062,4108.3334960938,4539.3588867188,4201.9228515625,4168.3334960938,4161.5385742188,4163.3334960938,4166.41015625,4166.1538085938,4222.9487304688,4150.2563476562,4202.3076171875,4256.0258789062
4118.9741210938,4158.4614257812,4101.6665039062,4531.794921875,4198.9741210938,4163.205078125,4158.4614257812,4161.6665039062,4168.0771484375,4167.3076171875,4217.9487304688,4145.1284179688,4200.0,4247.4360351562
4116.5385742188,4143.205078125,4102.1796875,4528.4614257812,4199.615234375,4162.4360351562,4162.1796875,4162.4360351562,4167.5639648438,4165.8974609375,4217.5639648438,4142.5639648438,4200.8974609375,4242.4360351562
4123.4614257812,4143.4614257812,4109.2309570312,4531.41015625,4198.8461914062,4164.615234375,4162.8203125,4164.2309570312,4165.8974609375,4163.9741210938,4228.7177734375,4152.8203125,4212.6923828125,4246.5385742188
4121.9228515625,4146.9228515625,4110.1284179688,4531.0258789062,4199.3588867188,4164.7436523438,4160.7690429688,4164.4873046875,4166.9228515625,4163.58984375,4240.6411132812,4165.384765625,4221.5385742188,4250.2563476562
4110.1284179688,4139.7436523438,4099.8715820312,4522.8203125,4203.58984375,4167.6923828125,4163.205078125,4164.7436523438,4167.4360351562,4167.4360351562,4235.7690429688,4160.5126953125,4214.1025390625,4247.1796875
4101.2822265625,4128.205078125,4089.8718261719,4512.5639648438,4200.1284179688,4166.1538085938,4157.3076171875,4159.615234375,4166.0258789062,4169.3588867188,4225.5126953125,4149.615234375,4205.384765625,4238.3334960938
4099.4873046875,4118.0771484375,4092.0512695312,4509.2309570312,4198.7177734375,4166.0258789062,4160.8974609375,4162.9487304688,4166.1538085938,4167.1796875,4218.7177734375,4137.8203125,4196.6665039062,4230.0
4101.0258789062,4116.41015625,4091.5385742188,4507.0512695312,4199.3588867188,4165.8974609375,4165.7690429688,4171.2822265625,4165.1284179688,4165.7690429688,4205.1284179688,4122.5639648438,4177.5639648438,4220.5126953125
4098.58984375,4119.4873046875,4083.4614257812,4504.1025390625,4197.6923828125,4161.0258789062,4158.4614257812,4170.0,4163.0771484375,4167.1796875,4185.1284179688,4106.0258789062,4154.4873046875,4207.4360351562
4089.8718261719,4107.3076171875,4075.8974609375,4497.5639648438,4199.615234375,4162.4360351562,4159.615234375,4163.205078125,4164.3588867188,4166.2822265625,4162.5639648438,4086.794921875,4134.2309570312,4194.1025390625
4083.0769042969,4091.794921875,4068.205078125,4485.2563476562,4197.5639648438,4165.384765625,4161.0258789062,4160.1284179688,4163.4614257812,4165.0,4147.8203125,4076.6667480469,4123.3334960938,4182.9487304688
4083.3332519531,4087.8205566406,4068.8461914062,4483.9741210938,4197.1796875,4168.205078125,4158.7177734375,4168.205078125,4162.4360351562,4166.0258789062,4146.5385742188,4080.2563476562,4121.6665039062,4181.5385742188
4084.8718261719,4086.6667480469,4076.794921875,4489.3588867188,4199.615234375,4167.0512695312,4158.8461914062,4169.8715820312,4165.384765625,4163.7177734375,4153.205078125,4087.1794433594,4125.8974609375,4190.0
4085.0,4085.1281738281,4080.0,4488.8461914062,4199.2309570312,4161.0258789062,4158.9741210938,4161.2822265625,4165.5126953125,4163.9741210938,4160.8974609375,4096.1538085938,4133.0771484375,4193.9741210938
4083.8461914062,4081.2819824219,4077.4357910156,4487.1796875,4203.3334960938,4164.1025390625,4161.6665039062,4163.58984375,4163.4614257812,4166.9228515625,4161.9228515625,4102.4360351562,4132.0512695312,4192.5639648438
4078.58984375,4074.2307128906,4073.9743652344,4485.5126953125,4201.794921875,4165.2563476562,4156.794921875,4165.384765625,4164.8715820312,4164.3588867188,4157.9487304688,4099.8715820312,4122.6923828125,4185.5126953125
4076.6667480469,4074.3588867188,4078.4614257812,4486.5385742188,4198.0771484375,4163.9741210938,4161.0258789062,4164.615234375,4167.8203125,4163.8461914062,4152.9487304688,4097.3076171875,4116.41015625,4178.4614257812
4073.9743652344,4082.1794433594,4077.3076171875,4485.384765625,4199.2309570312,4167.6923828125,4170.6411132812,4168.58984375,4166.2822265625,4164.8715820312,4142.3076171875,4089.7436523438,4110.2563476562,4171.2822265625
4062.9487304688,4082.3076171875,4060.7692871094,4478.3334960938,4195.384765625,4163.4614257812,4161.1538085938,4165.384765625,4162.8203125,4163.7177734375,4127.6923828125,4066.5385742188,4099.1025390625,4153.3334960938
4060.8974609375,4081.794921875,4054.6154785156,4478.9741210938,4197.5639648438,4162.1796875,4157.9487304688,4163.3334960938,4165.0,4164.4873046875,4120.8974609375,4053.7180175781,4094.6154785156,4145.384765625
4069.7436523438,4088.0769042969,4060.5129394531,4481.1538085938,4200.0,4166.6665039062,4163.0771484375,4166.2822265625,4167.8203125,4164.615234375,4124.8715820312,4065.2563476562,4102.3076171875,4152.1796875
4070.1281738281,4087.9487304688,4062.8205566406,4479.2309570312,4196.6665039062,4166.9228515625,4163.4614257812,4168.58984375,4164.7436523438,4161.794921875,4123.8461914062,4066.794921875,4103.7177734375,4149.1025390625
4069.2307128906,4086.2819824219,4067.1794433594,4483.3334960938,4197.9487304688,4165.8974609375,4164.2309570312,4168.8461914062,4163.4614257812,4166.794921875,4119.2309570312,4057.9487304688,4103.8461914062,4148.7177734375
4073.205078125,4090.5129394531,4070.2563476562,4487.3076171875,4198.4614257812,4163.9741210938,4160.7690429688,4163.0771484375,4166.9228515625,4170.5126953125,4123.8461914062,4062.0512695312,4114.615234375,4156.0258789062
4074.1025390625,4091.1538085938,4064.3588867188,4483.9741210938,4199.4873046875,4163.8461914062,4163.58984375,4163.4614257812,4167.8203125,4166.2822265625,4129.4873046875,4062.9487304688,4115.7690429688,4156.0258789062
4070.5129394531,4087.1794433594,4051.6667480469,4475.8974609375,4198.3334960938,4162.6923828125,4162.6923828125,4164.8715820312,4164.4873046875,4167.5639648438,4128.4614257812,4058.4614257812,4110.6411132812,4153.8461914062
4068.9743652344,4090.2563476562,4050.2563476562,4471.6665039062,4193.9741210938,4164.3588867188,4157.6923828125,4162.3076171875,4164.2309570312,4167.1796875,4131.41015625,4062.5642089844,4121.2822265625,4159.7436523438
4072.4357910156,4102.9487304688,4060.3845214844,4477.9487304688,4194.7436523438,4167.9487304688,4164.2309570312,4165.8974609375,4166.1538085938,4165.7690429688,4138.7177734375,4065.0,4129.1025390625,4167.1796875
4075.2563476562,4112.1796875,4062.3076171875,4485.8974609375,4197.4360351562,4163.0771484375,4163.4614257812,4167.0512695312,4163.9741210938,4168.3334960938,4144.615234375,4064.8718261719,4123.8461914062,4165.6411132812
4080.1281738281,4116.0258789062,4061.6667480469,4489.1025390625,4200.7690429688,4163.9741210938,4160.1284179688,4164.4873046875,4163.205078125,4167.8203125,4147.6923828125,4068.9743652344,4125.5126953125,4166.794921875
4080.7692871094,4115.384765625,4060.8974609375,4485.7690429688,4199.3588867188,4167.5639648438,4161.2822265625,4162.0512695312,4166.2822265625,4168.205078125,4143.8461914062,4067.5642089844,4127.3076171875,4171.1538085938
4076.5385742188,4110.7690429688,4057.6923828125,4480.2563476562,4195.1284179688,4164.7436523438,4159.8715820312,4162.3076171875,4166.41015625,4168.9741210938,4141.6665039062,4062.9487304688,4120.384765625,4167.3076171875
4081.41015625,4107.9487304688,4064.2307128906,4484.615234375,4197.8203125,4164.8715820312,4165.5126953125,4167.1796875,4164.1025390625,4167.9487304688,4143.0771484375,4065.5129394531,4119.4873046875,4167.8203125
4081.5385742188,4105.384765625,4067.0512695312,4484.8715820312,4198.205078125,4161.2822265625,4163.0771484375,4163.7177734375,4163.205078125,4166.9228515625,4138.8461914062,4064.6154785156,4120.8974609375,4167.6923828125
4068.3332519531,4096.41015625,4055.1281738281,4473.0771484375,4199.3588867188,4161.1538085938,4160.1284179688,4161.5385742188,4165.8974609375,4167.5639648438,4125.8974609375,4050.1281738281,4106.794921875,4155.8974609375
4061.41015625,4086.794921875,4044.4870605469,4465.6411132812,4201.5385742188,4168.0771484375,4162.9487304688,4166.2822265625,4167.1796875,4168.3334960938,4117.5639648438,4037.9487304688,4097.3076171875,4147.9487304688
4065.8974609375,4086.0256347656,4048.4614257812,4467.0512695312,4196.41015625,4168.0771484375,4160.1284179688,4163.205078125,4162.4360351562,4168.7177734375,4119.615234375,4044.7436523438,4108.0771484375,4153.58984375
4066.1538085938,4086.0256347656,4056.2819824219,4470.8974609375,4196.2822265625,4166.41015625,4163.205078125,4163.7177734375,4160.1284179688,4169.1025390625,4120.384765625,4053.3332519531,4112.4360351562,4159.615234375
4070.6411132812,4086.9230957031,4057.5642089844,4473.8461914062,4196.794921875,4164.3588867188,4163.0771484375,4166.5385742188,4164.7436523438,4166.5385742188,4125.7690429688,4056.2819824219,4113.58984375,4162.0512695312
4086.6667480469,4095.1281738281,4065.6411132812,4481.41015625,4195.5126953125,4164.615234375,4161.794921875,4163.3334960938,4166.0258789062,4166.2822265625,4142.6923828125,4069.7436523438,4127.1796875,4171.6665039062
4089.8718261719,4098.3334960938,4070.7692871094,4483.205078125,4198.3334960938,4167.9487304688,4164.4873046875,4162.0512695312,4163.9741210938,4169.7436523438,4153.4614257812,4078.0769042969,4135.0,4179.8715820312
4079.1025390625,4095.2563476562,4061.6667480469,4474.7436523438,4195.7690429688,4166.5385742188,4160.384765625,4161.6665039062,4164.615234375,4168.9741210938,4148.4614257812,4069.8718261719,4129.8715820312,4172.6923828125
4077.0512695312,4095.1281738281,4061.0256347656,4473.0771484375,4193.7177734375,4165.6411132812,4163.8461914062,4165.384765625,4165.5126953125,4166.41015625,4141.1538085938,4061.1538085938,4121.41015625,4164.3588867188
4074.7436523438,4096.41015625,4061.41015625,4470.5126953125,4196.5385742188,4165.2563476562,4166.2822265625,4166.1538085938,4162.1796875,4168.7177734375,4138.58984375,4057.4357910156,4113.0771484375,4158.7177734375
4064.2307128906,4091.5385742188,4050.5129394531,4461.6665039062,4197.9487304688,4164.4873046875,4158.3334960938,4163.205078125,4162.0512695312,4170.7690429688,4133.7177734375,4049.4870605469,4109.7436523438,4153.58984375
4067.5642089844,4091.794921875,4049.6154785156,4461.9228515625,4198.9741210938,4167.0512695312,4157.9487304688,4165.7690429688,4165.6411132812,4167.9487304688,4133.58984375,4051.794921875,4116.0258789062,4165.5126953125
4080.1281738281,4102.1796875,4062.9487304688,4465.6411132812,4197.1796875,4165.6411132812,4159.7436523438,4164.615234375,4166.0258789062,4167.6923828125,4142.4360351562,4071.9230957031,4121.41015625,4179.615234375
4082.9487304688,4101.794921875,4071.5385742188,4464.8715820312,4197.8203125,4167.1796875,4165.6411132812,4164.4873046875,4166.794921875,4169.1025390625,4141.9228515625,4075.5129394531,4120.2563476562,4177.1796875
4079.3588867188,4093.0769042969,4067.3076171875,4463.7177734375,4196.9228515625,4169.8715820312,4167.6923828125,4167.0512695312,4166.41015625,4165.6411132812,4133.205078125,4064.4870605469,4120.384765625,4173.8461914062
4077.4357910156,4093.58984375,4065.0,4465.2563476562,4193.8461914062,4166.9228515625,4160.8974609375,4166.0258789062,4164.7436523438,4162.4360351562,4134.2309570312,4065.7692871094,4119.7436523438,4175.0
4075.8974609375,4091.5385742188,4066.6667480469,4464.7436523438,4197.0512695312,4170.0,4166.2822265625,4166.9228515625,4165.384765625,4166.0258789062,4133.4614257812,4066.5385742188,4109.2309570312,4168.0771484375
4076.2819824219,4086.9230957031,4064.3588867188,4460.2563476562,4196.2822265625,4170.384765625,4167.4360351562,4166.2822265625,4165.1284179688,4170.5126953125,4130.384765625,4063.4614257812,4104.615234375,4158.4614257812
4081.6667480469,4091.9230957031,4068.8461914062,4463.0771484375,4196.0258789062,4168.4614257812,4165.0,4167.6923828125,4164.615234375,4170.1284179688,4133.3334960938,4064.7436523438,4110.5126953125,4162.5639648438
4083.9743652344,4092.5642089844,4072.0512695312,4469.2309570312,4197.9487304688,4168.8461914062,4166.0258789062,4165.2563476562,4166.1538085938,4166.794921875,4133.8461914062,4064.6154785156,4105.7690429688,4170.1284179688
4085.0,4088.205078125,4064.8718261719,4470.8974609375,4195.6411132812,4166.41015625,4160.5126953125,4158.0771484375,4168.205078125,4165.7690429688,4137.6923828125,4069.1025390625,4103.205078125,4168.0771484375
4092.1794433594,4094.3588867188,4066.2819824219,4472.5639648438,4197.8203125,4167.8203125,4163.58984375,4160.6411132812,4167.3076171875,4167.8203125,4142.5639648438,4075.6411132812,4113.3334960938,4168.3334960938
4098.58984375,4103.9741210938,4072.6923828125,4470.2563476562,4196.1538085938,4167.6923828125,4166.794921875,4162.6923828125,4162.9487304688,4169.2309570312,4144.3588867188,4076.2819824219,4121.6665039062,4170.2563476562
4103.9741210938,4108.3334960938,4076.6667480469,4471.0258789062,4193.9741210938,4166.2822265625,4164.3588867188,4164.8715820312,4163.9741210938,4170.1284179688,4150.384765625,4079.7436523438,4125.7690429688,4175.8974609375
4109.7436523438,4113.58984375,4080.7692871094,4473.0771484375,4196.6665039062,4164.8715820312,4162.1796875,4170.1284179688,4168.205078125,4165.1284179688,4155.7690429688,4083.7180175781,4129.8715820312,4186.5385742188
4108.3334960938,4116.9228515625,4080.2563476562,4467.6923828125,4192.9487304688,4163.4614257812,4159.3588867188,4163.8461914062,4163.9741210938,4161.2822265625,4153.3334960938,4083.8461914062,4132.8203125,4182.6923828125
4108.3334960938,4119.7436523438,4077.9487304688,4466.0258789062,4195.2563476562,4168.7177734375,4163.4614257812,4161.2822265625,4162.5639648438,4164.3588867188,4151.0258789062,4085.6411132812,4133.3334960938,4175.0
4116.0258789062,4124.615234375,4080.3845214844,4469.7436523438,4199.1025390625,4168.0771484375,4163.4614257812,4164.4873046875,4168.7177734375,4164.615234375,4159.1025390625,4089.4870605469,4137.3076171875,4177.8203125
4121.41015625,4127.4360351562,4091.5385742188,4472.0512695312,4194.4873046875,4164.7436523438,4162.9487304688,4165.2563476562,4167.1796875,4163.0771484375,4165.5126953125,4094.2307128906,4142.1796875,4179.7436523438
4122.5639648438,4134.8715820312,4099.4873046875,4475.0,4193.0771484375,4167.8203125,4166.2822265625,4167.9487304688,4163.205078125,4167.4360351562,4164.7436523438,4103.205078125,4144.1025390625,4181.2822265625
4123.8461914062,4146.41015625,4096.1538085938,4479.8715820312,4193.8461914062,4167.0512695312,4159.1025390625,4165.384765625,4166.2822265625,4170.5126953125,4171.41015625,4113.7177734375,4154.4873046875,4184.8715820312
4129.3588867188,4149.4873046875,4098.0771484375,4484.2309570312,4195.6411132812,4168.8461914062,4159.3588867188,4163.3334960938,4166.1538085938,4169.1025390625,4183.0771484375,4118.8461914062,4164.4873046875,4193.205078125
4132.5639648438,4147.0512695312,4103.4614257812,4481.2822265625,4193.205078125,4170.6411132812,4164.2309570312,4165.0,4162.8203125,4168.9741210938,4184.3588867188,4123.3334960938,4162.8203125,4200.384765625
4136.794921875,4154.2309570312,4109.3588867188,4480.1284179688,4190.5126953125,4165.5126953125,4162.5639648438,4166.6665039062,4165.2563476562,4167.1796875,4184.3588867188,4134.7436523438,4168.9741210938,4202.9487304688
4152.4360351562,4171.41015625,4123.3334960938,4493.3334960938,4194.3588867188,4165.7690429688,4166.0258789062,4170.6411132812,4167.8203125,4166.0258789062,4200.1284179688,4151.2822265625,4188.7177734375,4215.7690429688
4164.8715820312,4184.8715820312,4131.2822265625,4501.2822265625,4194.615234375,4166.0258789062,4161.41015625,4167.5639648438,4163.7177734375,4170.1284179688,4214.8715820312,4165.7690429688,4199.8715820312,4226.5385742188
4162.8203125,4183.4614257812,4128.4614257812,4494.7436523438,4195.5126953125,4164.1025390625,4158.58984375,4163.3334960938,4162.3076171875,4169.3588867188,4212.3076171875,4168.3334960938,4199.1025390625,4219.1025390625
4159.2309570312,4178.8461914062,4128.8461914062,4491.794921875,4193.9741210938,4163.9741210938,4162.3076171875,4164.615234375,4166.794921875,4161.6665039062,4209.4873046875,4165.384765625,4204.615234375,4213.0771484375
4165.2563476562,4182.3076171875,4136.5385742188,4495.384765625,4187.3076171875,4161.9228515625,4162.1796875,4165.1284179688,4166.1538085938,4160.5126953125,4215.8974609375,4172.4360351562,4215.384765625,4222.0512695312
4177.5639648438,4188.3334960938,4146.5385742188,4506.0258789062,4192.3076171875,4163.9741210938,4165.0,4164.8715820312,4163.58984375,4165.7690429688,4225.2563476562,4183.7177734375,4225.8974609375,4234.7436523438
4181.41015625,4191.2822265625,4149.2309570312,4514.2309570312,4196.9228515625,4164.3588867188,4161.41015625,4161.0258789062,4164.615234375,4167.6923828125,4237.4360351562,4191.0258789062,4238.3334960938,4239.4873046875
4178.205078125,4186.794921875,4146.9228515625,4511.9228515625,4195.2563476562,4163.9741210938,4159.7436523438,4161.2822265625,4167.0512695312,4168.205078125,4244.4873046875,4196.2822265625,4242.3076171875,4243.4614257812
4180.6411132812,4180.5126953125,4146.0258789062,4505.2563476562,4197.0512695312,4166.6665039062,4164.2309570312,4165.0,4167.5639648438,4165.7690429688,4238.205078125,4198.9741210938,4235.2563476562,4249.7436523438
4184.1025390625,4180.384765625,4148.205078125,4502.6923828125,4196.2822265625,4166.41015625,4161.2822265625,4164.3588867188,4163.58984375,4162.8203125,4234.4873046875,4196.1538085938,4229.3588867188,4245.5126953125
4181.0258789062,4183.3334960938,4150.7690429688,4506.2822265625,4195.5126953125,4167.0512695312,4165.6411132812,4167.3076171875,4161.9228515625,4163.8461914062,4233.4614257812,4187.8203125,4225.5126953125,4238.3334960938
4173.0771484375,4182.5639648438,4143.9741210938,4504.2309570312,4196.1538085938,4163.0771484375,4164.3588867188,4166.9228515625,4164.2309570312,4165.1284179688,4229.1025390625,4180.8974609375,4222.0512695312,4233.205078125
4165.1284179688,4178.58984375,4138.0771484375,4500.384765625,4196.41015625,4161.2822265625,4155.8974609375,4163.0771484375,4165.384765625,4165.2563476562,4226.9228515625,4178.3334960938,4215.6411132812,4224.2309570312
4159.8715820312,4169.4873046875,4140.1284179688,4496.41015625,4195.8974609375,4168.3334960938,4158.8461914062,4164.4873046875,4164.3588867188,4164.8715820312,4221.794921875,4172.4360351562,4203.58984375,4218.205078125
4159.8715820312,4163.8461914062,4139.8715820312,4488.58984375,4192.3076171875,4167.3076171875,4160.384765625,4162.4360351562,4163.3334960938,4164.2309570312,4215.8974609375,4165.0,4199.615234375,4216.794921875
4172.8203125,4176.5385742188,4146.2822265625,4492.5639648438,4194.3588867188,4163.7177734375,4163.58984375,4164.1025390625,4164.4873046875,4164.4873046875,4222.9487304688,4171.6665039062,4213.8461914062,4228.9741210938
4190.0,4192.4360351562,4160.1284179688,4504.7436523438,4197.5639648438,4164.3588867188,4163.4614257812,4164.2309570312,4165.0,4168.3334960938,4237.9487304688,4191.41015625,4229.615234375,4248.58984375
4192.1796875,4190.0,4165.6411132812,4508.3334960938,4196.2822265625,4166.794921875,4160.384765625,4160.7690429688,4166.1538085938,4168.9741210938,4241.41015625,4198.7177734375,4230.0,4248.8461914062
4181.41015625,4178.205078125,4160.5126953125,4500.6411132812,4194.8715820312,4167.5639648438,4163.9741210938,4164.1025390625,4167.8203125,4163.7177734375,4233.205078125,4188.0771484375,4218.7177734375,4233.8461914062
4176.0258789062,4175.5126953125,4160.1284179688,4500.384765625,4191.1538085938,4163.3334960938,4161.9228515625,4164.3588867188,4166.5385742188,4160.7690429688,4233.58984375,4186.6665039062,4215.0,4228.3334960938
4179.2309570312,4175.1284179688,4169.3588867188,4513.4614257812,4193.8461914062,4163.8461914062,4163.58984375,4162.9487304688,4164.615234375,4165.2563476562,4238.0771484375,4193.8461914062,4219.3588867188,4233.0771484375
4170.7690429688,4167.3076171875,4163.4614257812,4511.6665039062,4196.1538085938,4165.8974609375,4166.2822265625,4163.8461914062,4162.5639648438,4168.58984375,4229.1025390625,4185.8974609375,4214.7436523438,4222.4360351562
4157.3076171875,4157.5639648438,4146.41015625,4497.0512695312,4192.5639648438,4164.615234375,4161.41015625,4161.794921875,4164.615234375,4164.1025390625,4209.8715820312,4166.9228515625,4206.0258789062,4201.1538085938
4161.6665039062,4156.0258789062,4143.8461914062,4495.2563476562,4196.6665039062,4167.0512695312,4163.58984375,4162.5639648438,4166.2822265625,4165.1284179688,4201.0258789062,4159.1025390625,4202.5639648438,4200.0
4170.7690429688,4159.615234375,4150.2563476562,4496.9228515625,4198.3334960938,4165.0,4163.4614257812,4163.3334960938,4163.205078125,4169.8715820312,4210.0,4168.3334960938,4205.2563476562,4210.7690429688
4170.384765625,4159.1025390625,4155.1284179688,4492.6923828125,4194.7436523438,4163.0771484375,4163.0771484375,4163.7177734375,4164.615234375,4166.6665039062,4218.0771484375,4177.9487304688,4214.8715820312,4216.41015625
4175.5126953125,4160.2563476562,4158.58984375,4494.2309570312,4194.1025390625,4165.5126953125,4166.41015625,4164.1025390625,4168.205078125,4165.7690429688,4220.2563476562,4182.5639648438,4228.58984375,4226.9228515625
4183.8461914062,4168.0771484375,4163.4614257812,4499.1025390625,4193.4614257812,4164.3588867188,4161.5385742188,4162.6923828125,4165.1284179688,4171.0258789062,4230.8974609375,4196.6665039062,4240.6411132812,4237.4360351562
4183.3334960938,4175.6411132812,4171.6665039062,4499.1025390625,4195.1284179688,4166.1538085938,4161.794921875,4164.3588867188,4162.4360351562,4168.9741210938,4236.9228515625,4205.6411132812,4241.5385742188,4236.9228515625
4183.4614257812,4178.9741210938,4173.8461914062,4498.3334960938,4191.6665039062,4167.4360351562,4162.9487304688,4162.9487304688,4165.5126953125,4160.6411132812,4230.8974609375,4201.6665039062,4240.1284179688,4233.0771484375
4187.4360351562,4179.615234375,4172.6923828125,4504.1025390625,4188.3334960938,4167.5639648438,4162.3076171875,4162.1796875,4167.1796875,4160.8974609375,4227.1796875,4196.5385742188,4240.1284179688,4229.4873046875
4182.1796875,4174.8715820312,4169.4873046875,4506.41015625,4192.5639648438,4168.205078125,4166.1538085938,4167.1796875,4166.0258789062,4168.7177734375,4221.2822265625,4186.41015625,4228.3334960938,4220.1284179688
4169.2309570312,4167.8203125,4159.1025390625,4497.4360351562,4193.0771484375,4163.58984375,4161.794921875,4163.8461914062,4161.0258789062,4170.384765625,4207.1796875,4174.1025390625,4209.1025390625,4205.384765625
4168.0771484375,4163.0771484375,4156.6665039062,4493.205078125,4194.615234375,4165.8974609375,4161.1538085938,4161.41015625,4158.205078125,4166.2822265625,4197.5639648438,4167.4360351562,4195.8974609375,4201.1538085938
4171.1538085938,4153.205078125,4157.1796875,4491.2822265625,4195.2563476562,4169.1025390625,4160.7690429688,4162.5639648438,4162.5639648438,4167.5639648438,4195.0,4163.0771484375,4191.1538085938,4200.1284179688
4164.4873046875,4141.2822265625,4152.1796875,4486.1538085938,4191.9228515625,4162.9487304688,4160.384765625,4162.6923828125,4164.4873046875,4170.7690429688,4190.7690429688,4158.58984375,4185.7690429688,4193.3334960938
4165.8974609375,4141.41015625,4155.2563476562,4487.6923828125,4193.8461914062,4162.9487304688,4167.8203125,4167.3076171875,4162.3076171875,4165.384765625,4190.8974609375,4163.8461914062,4185.2563476562,4199.8715820312
4177.5639648438,4153.3334960938,4162.4360351562,4493.58984375,4194.3588867188,4167.1796875,4164.4873046875,4165.8974609375,4164.2309570312,4161.0258789062,4200.0,4176.794921875,4195.6411132812,4212.5639648438
4181.1538085938,4159.615234375,4164.4873046875,4495.384765625,4194.615234375,4169.3588867188,4163.0771484375,4162.0512695312,4167.9487304688,4166.6665039062,4204.615234375,4176.1538085938,4199.8715820312,4213.205078125
4177.3076171875,4153.9741210938,4160.7690429688,4489.1025390625,4192.8203125,4166.0258789062,4165.384765625,4161.5385742188,4164.8715820312,4171.9228515625,4200.5126953125,4167.6923828125,4194.2309570312,4208.7177734375
4178.0771484375,4144.615234375,4160.1284179688,4482.9487304688,4189.615234375,4163.205078125,4161.9228515625,4164.2309570312,4163.4614257812,4167.0512695312,4192.4360351562,4166.41015625,4188.7177734375,4206.6665039062
4176.6665039062,4138.3334960938,4158.4614257812,4485.384765625,4193.205078125,4168.4614257812,4164.4873046875,4170.384765625,4167.6923828125,4164.2309570312,4184.3588867188,4161.9228515625,4185.0,4205.5126953125
4166.6665039062,4137.3076171875,4144.2309570312,4482.6923828125,4191.5385742188,4165.8974609375,4160.0,4164.2309570312,4165.7690429688,4167.9487304688,4180.2563476562,4151.794921875,4176.2822265625,4192.8203125
4156.5385742188,4130.7690429688,4135.6411132812,4471.5385742188,4190.2563476562,4164.3588867188,4158.7177734375,4158.7177734375,4163.205078125,4168.4614257812,4168.205078125,4137.1796875,4152.8203125,4171.2822265625
4149.2309570312,4116.2822265625,4138.8461914062,4463.58984375,4194.2309570312,4169.1025390625,4165.0,4165.384765625,4166.794921875,4168.205078125,4151.41015625,4120.5126953125,4130.2563476562,4157.3076171875
4151.9228515625,4116.794921875,4142.4360351562,4467.1796875,4192.0512695312,4166.2822265625,4163.4614257812,4166.9228515625,4167.1796875,4168.4614257812,4155.6411132812,4122.1796875,4139.2309570312,4162.5639648438
4166.2822265625,4131.5385742188,4150.5126953125,4477.0512695312,4193.4614257812,4164.1025390625,4163.58984375,4166.1538085938,4166.1538085938,4167.5639648438,4172.6923828125,4140.384765625,4160.1284179688,4179.7436523438
4171.9228515625,4138.4614257812,4155.0,4477.6923828125,4195.1284179688,4164.2309570312,4160.1284179688,4163.205078125,4167.4360351562,4167.5639648438,4179.615234375,4152.4360351562,4163.3334960938,4180.1284179688
4171.0258789062,4136.0258789062,4153.3334960938,4475.2563476562,4192.8203125,4167.0512695312,4158.4614257812,4161.5385742188,4165.7690429688,4167.9487304688,4178.0771484375,4155.2563476562,4166.6665039062,4172.6923828125
4173.205078125,4133.8461914062,4153.8461914062,4477.1796875,4191.9228515625,4167.6923828125,4161.5385742188,4163.58984375,4163.0771484375,4167.5639648438,4180.384765625,4157.4360351562,4174.7436523438,4182.1796875
4170.2563476562,4136.794921875,4155.0,4477.9487304688,4189.7436523438,4161.9228515625,4157.5639648438,4162.8203125,4163.7177734375,4167.4360351562,4189.3588867188,4160.6411132812,4178.7177734375,4191.1538085938
4165.2563476562,4146.794921875,4153.0771484375,4476.0258789062,4191.5385742188,4164.2309570312,4160.8974609375,4166.0258789062,4165.384765625,4169.2309570312,4190.5126953125,4157.4360351562,4181.9228515625,4188.8461914062
4166.5385742188,4158.7177734375,4145.6411132812,4473.3334960938,4192.0512695312,4166.9228515625,4161.2822265625,4163.9741210938,4163.58984375,4169.2309570312,4183.3334960938,4151.41015625,4187.8203125,4186.0258789062
4171.794921875,4170.2563476562,4147.9487304688,4476.9228515625,4190.8974609375,4164.7436523438,4158.0771484375,4161.1538085938,4163.7177734375,4167.6923828125,4188.8461914062,4159.615234375,4195.2563476562,4190.8974609375
4177.4360351562,4179.615234375,4160.0,4481.6665039062,4194.1025390625,4167.6923828125,4163.8461914062,4167.1796875,4167.3076171875,4167.8203125,4198.0771484375,4170.0,4194.2309570312,4195.7690429688
4181.41015625,4185.1284179688,4164.4873046875,4480.0,4193.8461914062,4167.4360351562,4162.3076171875,4165.7690429688,4165.6411132812,4167.9487304688,4195.5126953125,4166.1538085938,4185.5126953125,4191.1538085938
4185.0,4188.205078125,4166.41015625,4481.41015625,4195.1284179688,4165.0,4159.8715820312,4162.5639648438,4161.1538085938,4167.9487304688,4196.41015625,4165.384765625,4186.1538085938,4190.7690429688
4184.2309570312,4186.2822265625,4161.794921875,4481.0258789062,4194.4873046875,4165.0,4157.9487304688,4161.9228515625,4162.5639648438,4168.0771484375,4201.6665039062,4172.1796875,4197.8203125,4194.3588867188
4179.615234375,4176.41015625,4155.7690429688,4476.6665039062,4189.2309570312,4165.7690429688,4156.0258789062,4160.7690429688,4167.5639648438,4170.2563476562,4198.9741210938,4169.8715820312,4202.3076171875,4187.0512695312
4179.8715820312,4170.384765625,4162.0512695312,4479.1025390625,4188.7177734375,4166.1538085938,4163.8461914062,4165.384765625,4168.3334960938,4167.8203125,4196.2822265625,4164.3588867188,4198.9741210938,4185.1284179688
4176.1538085938,4168.3334960938,4161.1538085938,4474.1025390625,4188.9741210938,4160.2563476562,4161.0258789062,4165.384765625,4164.4873046875,4162.5639648438,4198.4614257812,4166.5385742188,4199.615234375,4188.58984375
4170.6411132812,4160.384765625,4150.1284179688,4465.7690429688,4190.6411132812,4160.1284179688,4158.9741210938,4161.5385742188,4161.41015625,4165.0,4196.41015625,4166.0258789062,4202.5639648438,4183.8461914062
4174.4873046875,4157.6923828125,4149.2309570312,4467.5639648438,4192.6923828125,4166.41015625,4163.9741210938,4161.6665039062,4162.5639648438,4167.6923828125,4193.58984375,4163.205078125,4207.0512695312,4185.2563476562
4175.6411132812,4158.4614257812,4151.6665039062,4466.2822265625,4191.5385742188,4168.4614257812,4159.8715820312,4163.58984375,4164.615234375,4167.5639648438,4193.3334960938,4162.6923828125,4202.5639648438,4189.8715820312
4175.7690429688,4162.4360351562,4152.0512695312,4463.4614257812,4193.3334960938,4168.205078125,4161.1538085938,4165.1284179688,4164.3588867188,4165.7690429688,4186.41015625,4159.3588867188,4193.58984375,4190.1284179688
4187.0512695312,4182.4360351562,4157.4360351562,4467.3076171875,4192.0512695312,4161.0258789062,4161.5385742188,4160.6411132812,4163.3334960938,4162.4360351562,4181.794921875,4161.794921875,4201.1538085938,4194.8715820312
4194.8715820312,4196.5385742188,4161.5385742188,4470.7690429688,4191.1538085938,4159.7436523438,4158.7177734375,4161.2822265625,4165.5126953125,4165.1284179688,4179.615234375,4165.1284179688,4206.794921875,4198.8461914062
4185.8974609375,4187.5639648438,4152.5639648438,4466.41015625,4194.7436523438,4166.9228515625,4160.5126953125,4165.0,4166.2822265625,4168.205078125,4173.7177734375,4154.3588867188,4194.615234375,4191.2822265625
4177.1796875,4179.7436523438,4146.6665039062,4463.8461914062,4193.58984375,4166.41015625,4159.7436523438,4160.6411132812,4164.2309570312,4164.8715820312,4176.0258789062,4147.5639648438,4189.615234375,4181.0258789062
4174.8715820312,4176.9228515625,4150.8974609375,4466.2822265625,4194.1025390625,4166.41015625,4163.205078125,4165.384765625,4165.7690429688,4164.2309570312,4180.8974609375,4153.7177734375,4190.8974609375,4182.0512695312
4169.1025390625,4166.41015625,4144.1025390625,4460.0,4191.2822265625,4165.2563476562,4160.2563476562,4168.9741210938,4166.0258789062,4169.3588867188,4179.4873046875,4155.7690429688,4183.8461914062,4183.4614257812
4169.4873046875,4164.615234375,4140.6411132812,4456.5385742188,4187.6923828125,4162.6923828125,4158.9741210938,4163.0771484375,4163.58984375,4169.7436523438,4182.3076171875,4153.9741210938,4184.1025390625,4184.4873046875
4182.3076171875,4175.1284179688,4153.4614257812,4466.1538085938,4192.6923828125,4167.1796875,4165.384765625,4165.384765625,4164.8715820312,4167.3076171875,4195.1284179688,4162.8203125,4198.4614257812,4194.7436523438
4188.0771484375,4181.2822265625,4157.0512695312,4470.6411132812,4192.0512695312,4167.3076171875,4160.8974609375,4166.2822265625,4165.384765625,4165.2563476562,4205.1284179688,4176.6665039062,4208.8461914062,4198.0771484375
4186.0258789062,4184.8715820312,4157.5639648438,4470.2563476562,4190.0,4166.5385742188,4162.5639648438,4162.9487304688,4163.8461914062,4165.1284179688,4206.2822265625,4178.9741210938,4211.9228515625,4200.2563476562
4188.205078125,4191.2822265625,4164.2309570312,4474.8715820312,4189.615234375,4165.2563476562,4162.9487304688,4161.2822265625,4164.7436523438,4169.1025390625,4208.58984375,4177.4360351562,4218.58984375,4206.6665039062
4194.4873046875,4197.9487304688,4168.4614257812,4482.5639648438,4188.3334960938,4162.8203125,4156.9228515625,4161.1538085938,4167.1796875,4168.205078125,4214.7436523438,4185.1284179688,4226.6665039062,4204.8715820312
4205.6411132812,4206.6665039062,4175.0,4488.4614257812,4193.0771484375,4167.6923828125,4163.3334960938,4162.4360351562,4167.3076171875,4166.5385742188,4221.9228515625,4200.5126953125,4234.3588867188,4211.9228515625
4218.58984375,4214.8715820312,4185.1284179688,4491.0258789062,4195.0,4168.7177734375,4164.4873046875,4162.6923828125,4164.7436523438,4167.9487304688,4230.7690429688,4214.3588867188,4248.9741210938,4227.3076171875
4220.0,4211.6665039062,4190.0,4491.6665039062,4193.8461914062,4165.5126953125,4163.8461914062,4167.1796875,4165.0,4167.5639648438,4231.5385742188,4213.0771484375,4248.9741210938,4226.794921875
4204.3588867188,4197.5639648438,4178.58984375,4483.3334960938,4191.794921875,4165.0,4164.2309570312,4166.5385742188,4166.2822265625,4167.5639648438,4216.6665039062,4195.6411132812,4224.3588867188,4208.4614257812
4191.0258789062,4186.5385742188,4165.7690429688,4470.1284179688,4188.4614257812,4164.1025390625,4157.8203125,4161.41015625,4164.1025390625,4169.7436523438,4202.9487304688,4177.9487304688,4212.3076171875,4191.1538085938
4188.9741210938,4184.7436523438,4164.7436523438,4466.41015625,4193.3334960938,4164.4873046875,4160.1284179688,4163.58984375,4164.3588867188,4167.0512695312,4200.1284179688,4172.0512695312,4219.7436523438,4189.2309570312
4186.6665039062,4192.1796875,4165.0,4468.4614257812,4193.4614257812,4164.4873046875,4162.3076171875,4161.6665039062,4165.5126953125,4164.8715820312,4202.8203125,4179.3588867188,4223.8461914062,4192.9487304688
4187.6923828125,4198.8461914062,4169.4873046875,4474.8715820312,4189.615234375,4167.1796875,4163.7177734375,4162.9487304688,4162.6923828125,4167.3076171875,4201.5385742188,4181.794921875,4219.1025390625,4191.6665039062
4192.4360351562,4199.615234375,4173.4614257812,4479.615234375,4190.2563476562,4167.6923828125,4167.5639648438,4168.3334960938,4161.0258789062,4163.9741210938,4197.5639648438,4171.794921875,4213.3334960938,4189.3588867188
4198.7177734375,4208.3334960938,4173.0771484375,4478.0771484375,4189.2309570312,4164.3588867188,4162.0512695312,4164.3588867188,4165.384765625,4160.7690429688,4205.1284179688,4177.5639648438,4219.2309570312,4193.8461914062
4207.9487304688,4224.3588867188,4175.0,4479.4873046875,4190.2563476562,4167.3076171875,4162.1796875,4162.3076171875,4167.4360351562,4166.0258789062,4214.4873046875,4192.8203125,4228.4614257812,4202.3076171875
4208.8461914062,4228.205078125,4174.4873046875,4475.7690429688,4190.2563476562,4166.0258789062,4163.7177734375,4163.7177734375,4162.9487304688,4168.9741210938,4210.8974609375,4191.0258789062,4227.8203125,4202.1796875
4204.7436523438,4218.58984375,4174.4873046875,4468.0771484375,4189.615234375,4162.9487304688,4161.5385742188,4163.205078125,4161.41015625,4167.3076171875,4203.4614257812,4186.0258789062,4223.4614257812,4202.5639648438
4206.9228515625,4224.2309570312,4174.3588867188,4468.3334960938,4188.4614257812,4164.615234375,4163.0771484375,4162.6923828125,4164.615234375,4166.1538085938,4200.7690429688,4185.8974609375,4223.9741210938,4210.6411132812
4204.4873046875,4245.2563476562,4166.2822265625,4469.8715820312,4185.384765625,4162.1796875,4160.5126953125,4161.2822265625,4166.0258789062,4167.4360351562,4201.1538085938,4180.6411132812,4227.8203125,4207.1796875
4204.4873046875,4245.2563476562,4166.2822265625,4469.8715820312,4185.384765625,4162.1796875,4160.5126953125,4161.2822265625,4166.0258789062,4167.4360351562,4201.1538085938,4180.6411132812,4227.8203125,4207.1796875
4196.5385742188,4239.1025390625,4163.8461914062,4468.4614257812,4192.0512695312,4164.615234375,4162.9487304688,4164.4873046875,4166.0258789062,4166.794921875,4199.8715820312,4177.4360351562,4227.6923828125,4198.58984375
4196.2822265625,4219.2309570312,4172.5639648438,4468.205078125,4193.3334960938,4167.8203125,4165.0,4163.58984375,4166.1538085938,4162.6923828125,4205.1284179688,4187.9487304688,4228.7177734375,4204.8715820312
4201.5385742188,4221.794921875,4181.1538085938,4473.205078125,4188.4614257812,4165.2563476562,4163.0771484375,4161.5385742188,4166.0258789062,4161.794921875,4215.7690429688,4198.205078125,4230.1284179688,4215.6411132812
4213.58984375,4236.5385742188,4186.794921875,4478.9741210938,4191.1538085938,4163.58984375,4166.1538085938,4167.4360351562,4165.8974609375,4167.4360351562,4219.615234375,4200.7690429688,4227.4360351562,4219.7436523438
4226.41015625,4241.9228515625,4187.3076171875,4479.8715820312,4190.5126953125,4161.6665039062,4163.7177734375,4162.6923828125,4163.9741210938,4170.1284179688,4225.2563476562,4210.2563476562,4229.4873046875,4220.5126953125
4230.384765625,4266.1538085938,4198.8461914062,4488.9741210938,4192.0512695312,4163.8461914062,4157.3076171875,4161.41015625,4165.7690429688,4165.7690429688,4237.3076171875,4226.41015625,4263.58984375,4232.5639648438
4230.384765625,4266.1538085938,4198.8461914062,4488.9741210938,4192.0512695312,4163.8461914062,4157.3076171875,4161.41015625,4165.7690429688,4165.7690429688,4237.3076171875,4226.41015625,4263.58984375,4232.5639648438
4234.2309570312,4267.5639648438,4205.1284179688,4493.7177734375,4188.9741210938,4166.9228515625,4164.7436523438,4164.2309570312,4169.4873046875,4166.2822265625,4243.3334960938,4235.384765625,4263.4614257812,4237.6923828125
4233.8461914062,4257.8203125,4203.8461914062,4490.6411132812,4186.9228515625,4163.7177734375,4164.615234375,4160.8974609375,4167.4360351562,4169.3588867188,4239.7436523438,4235.0,4253.205078125,4233.3334960938
4234.2309570312,4255.2563476562,4205.384765625,4491.2822265625,4192.3076171875,4161.0258789062,4165.0,4166.0258789062,4165.5126953125,4169.7436523438,4234.2309570312,4230.6411132812,4243.7177734375,4229.1025390625
4231.6665039062,4253.205078125,4203.58984375,4491.6665039062,4191.5385742188,4162.8203125,4162.1796875,4167.8203125,4165.1284179688,4164.8715820312,4236.794921875,4230.7690429688,4243.9741210938,4230.2563476562
4225.0,4243.58984375,4193.3334960938,4483.9741210938,4189.3588867188,4164.8715820312,4159.2309570312,4161.0258789062,4164.1025390625,4163.0771484375,4235.6411132812,4227.4360351562,4245.8974609375,4224.3588867188
4214.7436523438,4233.8461914062,4186.5385742188,4477.1796875,4192.8203125,4166.41015625,4161.2822265625,4162.1796875,4164.7436523438,4167.6923828125,4222.1796875,4213.7177734375,4232.1796875,4210.2563476562
4201.6665039062,4226.41015625,4185.2563476562,4472.5639648438,4190.6411132812,4162.6923828125,4158.8461914062,4165.1284179688,4164.615234375,4168.9741210938,4210.5126953125,4197.8203125,4214.7436523438,4194.615234375
4190.7690429688,4213.7177734375,4180.1284179688,4469.3588867188,4188.58984375,4162.9487304688,4164.4873046875,4167.0512695312,4162.8203125,4166.1538085938,4204.8715820312,4182.8203125,4206.1538085938,4184.8715820312
4180.5126953125,4201.5385742188,4168.205078125,4464.8715820312,4189.2309570312,4165.2563476562,4164.615234375,4163.58984375,4164.1025390625,4168.58984375,4195.5126953125,4173.3334960938,4198.7177734375,4175.384765625
4172.1796875,4203.3334960938,4163.4614257812,4460.0,4192.1796875,4165.7690429688,4160.1284179688,4161.2822265625,4166.41015625,4171.2822265625,4183.4614257812,4167.3076171875,4189.8715820312,4165.5126953125
4169.4873046875,4205.1284179688,4163.3334960938,4455.7690429688,4193.4614257812,4165.384765625,4165.6411132812,4166.41015625,4164.4873046875,4162.8203125,4176.9228515625,4156.41015625,4181.2822265625,4166.2822265625
4172.3076171875,4200.1284179688,4162.0512695312,4455.0,4184.3588867188,4160.8974609375,4163.9741210938,4165.8974609375,4161.9228515625,4161.2822265625,4179.7436523438,4154.615234375,4180.5126953125,4170.8974609375
4175.6411132812,4201.794921875,4166.0258789062,4460.6411132812,4186.794921875,4165.0,4164.2309570312,4165.5126953125,4165.2563476562,4168.0771484375,4176.794921875,4162.1796875,4184.4873046875,4173.205078125
4176.9228515625,4206.2822265625,4165.384765625,4457.9487304688,4196.1538085938,4168.0771484375,4163.7177734375,4168.58984375,4168.3334960938,4163.58984375,4165.5126953125,4160.2563476562,4186.41015625,4172.6923828125
4185.5126953125,4207.3076171875,4167.8203125,4452.8203125,4191.9228515625,4163.4614257812,4158.9741210938,4166.5385742188,4167.1796875,4159.615234375,4166.5385742188,4161.0258789062,4190.1284179688,4174.615234375
4192.9487304688,4204.8715820312,4178.7177734375,4452.8203125,4187.5639648438,4166.794921875,4163.9741210938,4161.9228515625,4166.2822265625,4164.8715820312,4170.7690429688,4164.1025390625,4185.7690429688,4179.1025390625
4183.205078125,4197.8203125,4175.5126953125,4445.2563476562,4185.2563476562,4165.8974609375,4161.5385742188,4159.2309570312,4165.1284179688,4165.5126953125,4161.9228515625,4156.1538085938,4170.8974609375,4171.2822265625
4166.41015625,4187.5639648438,4164.8715820312,4437.3076171875,4185.7690429688,4162.6923828125,4159.8715820312,4164.2309570312,4163.205078125,4163.3334960938,4146.1538085938,4142.9487304688,4156.1538085938,4155.5126953125
4153.3334960938,4173.7177734375,4157.8203125,4433.205078125,4188.9741210938,4164.7436523438,4163.3334960938,4166.5385742188,4164.3588867188,4164.4873046875,4136.794921875,4130.6411132812,4145.7690429688,4142.1796875
4140.2563476562,4158.4614257812,4149.8715820312,4425.384765625,4187.9487304688,4164.8715820312,4160.1284179688,4161.6665039062,4165.2563476562,4166.2822265625,4132.6923828125,4120.5126953125,4136.794921875,4127.5639648438
4140.2563476562,4158.4614257812,4149.8715820312,4425.384765625,4187.9487304688,4164.8715820312,4160.1284179688,4161.6665039062,4165.2563476562,4166.2822265625,4132.6923828125,4120.5126953125,4136.794921875,4127.5639648438
4132.6923828125,4146.0258789062,4145.7690429688,4419.1025390625,4189.3588867188,4166.9228515625,4163.0771484375,4166.2822265625,4162.5639648438,4165.2563476562,4121.9228515625,4110.384765625,4124.4873046875,4118.0771484375
4135.384765625,4145.8974609375,4145.6411132812,4418.8461914062,4187.9487304688,4165.7690429688,4163.8461914062,4167.0512695312,4161.1538085938,4163.0771484375,4113.8461914062,4106.41015625,4120.0,4121.9228515625
4146.1538085938,4156.2822265625,4150.8974609375,4423.4614257812,4186.2822265625,4164.1025390625,4160.8974609375,4161.1538085938,4163.205078125,4164.2309570312,4119.1025390625,4115.0,4126.6665039062,4132.8203125
4151.5385742188,4156.9228515625,4150.2563476562,4424.7436523438,4189.4873046875,4165.5126953125,4161.794921875,4162.0512695312,4164.7436523438,4168.8461914062,4121.1538085938,4122.4360351562,4126.0258789062,4135.1284179688
4144.4873046875,4149.1025390625,4141.41015625,4417.9487304688,4190.384765625,4164.7436523438,4158.8461914062,4161.0258789062,4164.2309570312,4167.3076171875,4116.0258789062,4118.3334960938,4118.3334960938,4129.4873046875
4145.384765625,4153.58984375,4146.6665039062,4416.6665039062,4191.0258789062,4167.1796875,4165.0,4160.8974609375,4164.4873046875,4165.6411132812,4122.1796875,4119.3588867188,4125.384765625,4139.1025390625
4150.384765625,4161.5385742188,4153.3334960938,4419.7436523438,4187.9487304688,4166.41015625,4169.4873046875,4164.4873046875,4163.58984375,4168.8461914062,4133.58984375,4129.3588867188,4144.7436523438,4150.2563476562
4141.794921875,4150.2563476562,4144.8715820312,4416.6665039062,4187.4360351562,4162.5639648438,4164.615234375,4167.0512695312,4163.58984375,4166.5385742188,4128.9741210938,4124.3588867188,4148.8461914062,4140.5126953125
4138.205078125,4141.2822265625,4138.0771484375,4413.7177734375,4193.3334960938,4164.4873046875,4163.8461914062,4165.384765625,4165.5126953125,4167.0512695312,4119.4873046875,4113.4614257812,4138.8461914062,4132.3076171875
4140.1284179688,4146.2822265625,4136.0258789062,4412.9487304688,4189.7436523438,4166.2822265625,4161.41015625,4160.6411132812,4165.1284179688,4170.1284179688,4116.0258789062,4112.9487304688,4132.4360351562,4127.4360351562
4130.5126953125,4144.1025390625,4133.7177734375,4412.0512695312,4187.4360351562,4167.6923828125,4164.3588867188,4165.7690429688,4165.6411132812,4167.4360351562,4111.0258789062,4108.205078125,4122.5639648438,4118.205078125
4128.0771484375,4144.7436523438,4135.7690429688,4410.8974609375,4189.1025390625,4165.2563476562,4164.7436523438,4168.9741210938,4165.1284179688,4167.8203125,4109.615234375,4105.0,4113.8461914062,4117.3076171875
4141.1538085938,4154.2309570312,4142.8203125,4415.1284179688,4187.0512695312,4161.9228515625,4161.0258789062,4163.3334960938,4162.6923828125,4169.3588867188,4111.2822265625,4110.0,4118.0771484375,4125.7690429688
4146.9228515625,4155.0,4144.1025390625,4418.58984375,4188.3334960938,4164.615234375,4166.1538085938,4162.5639648438,4164.2309570312,4166.5385742188,4109.7436523438,4109.7436523438,4125.1284179688,4131.794921875
4144.4873046875,4148.3334960938,4138.9741210938,4410.8974609375,4186.794921875,4165.7690429688,4163.8461914062,4161.5385742188,4165.0,4164.7436523438,4111.41015625,4112.9487304688,4128.0771484375,4133.0771484375
4143.58984375,4141.794921875,4137.8203125,4406.1538085938,4187.0512695312,4169.3588867188,4164.3588867188,4162.8203125,4163.205078125,4167.9487304688,4110.1284179688,4114.1025390625,4124.2309570312,4133.4614257812
4136.0258789062,4128.7177734375,4133.0771484375,4407.1796875,4189.2309570312,4169.615234375,4169.3588867188,4167.6923828125,4164.2309570312,4169.615234375,4102.0512695312,4100.384765625,4114.3588867188,4126.2822265625
4126.6665039062,4116.794921875,4123.7177734375,4402.4360351562,4188.8461914062,4163.4614257812,4165.5126953125,4167.1796875,4165.1284179688,4168.58984375,4100.7690429688,4093.58984375,4112.5639648438,4116.794921875
4133.7177734375,4125.5126953125,4122.5639648438,4401.794921875,4191.2822265625,4165.7690429688,4163.3334960938,4164.4873046875,4164.7436523438,4166.6665039062,4104.1025390625,4103.205078125,4122.3076171875,4122.9487304688
4138.205078125,4135.6411132812,4122.4360351562,4403.8461914062,4188.0771484375,4166.1538085938,4161.5385742188,4158.4614257812,4165.6411132812,4166.1538085938,4102.8203125,4105.5126953125,4126.794921875,4127.5639648438
4128.0771484375,4128.4614257812,4121.9228515625,4400.384765625,4186.1538085938,4163.58984375,4167.8203125,4160.5126953125,4164.7436523438,4168.4614257812,4097.6923828125,4092.3076171875,4117.8203125,4115.7690429688
4126.0258789062,4125.6411132812,4122.6923828125,4398.0771484375,4190.384765625,4166.9228515625,4173.4614257812,4166.794921875,4163.4614257812,4166.1538085938,4094.8718261719,4087.0512695312,4112.8203125,4108.8461914062
4131.2822265625,4129.615234375,4118.4614257812,4398.3334960938,4187.8203125,4167.6923828125,4163.3334960938,4161.2822265625,4165.384765625,4163.8461914062,4096.5385742188,4092.6923828125,4118.7177734375,4110.7690429688
4134.1025390625,4127.9487304688,4118.3334960938,4397.9487304688,4185.384765625,4166.9228515625,4162.0512695312,4159.3588867188,4167.1796875,4166.6665039062,4097.0512695312,4095.7692871094,4124.7436523438,4118.7177734375
4135.384765625,4129.8715820312,4122.4360351562,4395.1284179688,4186.0258789062,4166.2822265625,4162.0512695312,4162.6923828125,4167.3076171875,4166.5385742188,4098.3334960938,4100.2563476562,4127.5639648438,4123.9741210938
4136.0258789062,4132.8203125,4125.5126953125,4395.5126953125,4185.6411132812,4166.0258789062,4161.5385742188,4164.7436523438,4166.0258789062,4166.0258789062,4101.0258789062,4105.8974609375,4126.2822265625,4122.1796875
4137.0512695312,4124.7436523438,4122.4360351562,4394.615234375,4185.0,4165.384765625,4166.9228515625,4166.41015625,4163.4614257812,4164.1025390625,4099.1025390625,4104.7436523438,4123.8461914062,4126.794921875
4133.4614257812,4119.3588867188,4112.4360351562,4387.8203125,4182.8203125,4161.1538085938,4159.615234375,4160.5126953125,4162.3076171875,4163.4614257812,4100.6411132812,4105.384765625,4125.384765625,4123.7177734375
4128.4614257812,4123.58984375,4112.9487304688,4387.6923828125,4185.2563476562,4163.58984375,4157.4360351562,4159.4873046875,4165.1284179688,4166.9228515625,4107.1796875,4108.0771484375,4126.6665039062,4110.384765625
4120.1284179688,4121.794921875,4117.5639648438,4388.205078125,4186.9228515625,4167.1796875,4163.205078125,4162.8203125,4166.5385742188,4167.4360351562,4106.0258789062,4098.58984375,4119.615234375,4102.3076171875
4112.0512695312,4114.1025390625,4112.5639648438,4385.6411132812,4184.7436523438,4165.8974609375,4164.8715820312,4163.205078125,4164.8715820312,4162.8203125,4099.3588867188,4083.7180175781,4107.1796875,4092.8205566406
4112.5639648438,4117.5639648438,4107.6923828125,4388.8461914062,4186.2822265625,4165.1284179688,4164.615234375,4164.2309570312,4165.5126953125,4164.4873046875,4097.5639648438,4073.4614257812,4097.3076171875,4087.3076171875
4119.1025390625,4130.2563476562,4103.7177734375,4389.615234375,4186.0258789062,4161.2822265625,4156.794921875,4161.0258789062,4166.1538085938,4170.2563476562,4099.8715820312,4070.0,4097.6923828125,4095.1281738281
4123.0771484375,4132.4360351562,4102.4360351562,4387.0512695312,4187.1796875,4164.1025390625,4158.9741210938,4162.0512695312,4165.1284179688,4169.4873046875,4102.4360351562,4070.6411132812,4105.0,4106.0258789062
4120.1284179688,4128.9741210938,4104.615234375,4383.4614257812,4187.5639648438,4168.9741210938,4165.7690429688,4164.1025390625,4164.8715820312,4162.9487304688,4102.9487304688,4070.6411132812,4103.58984375,4104.4873046875
4123.0771484375,4134.2309570312,4107.0512695312,4380.0,4185.384765625,4166.41015625,4164.615234375,4162.3076171875,4166.41015625,4158.8461914062,4103.4614257812,4072.9487304688,4103.4614257812,4099.3588867188
4129.1025390625,4138.205078125,4105.0,4378.58984375,4188.58984375,4165.5126953125,4165.384765625,4168.205078125,4167.6923828125,4164.8715820312,4104.2309570312,4073.4614257812,4112.0512695312,4105.384765625
4126.5385742188,4133.9741210938,4098.3334960938,4373.8461914062,4187.6923828125,4161.6665039062,4158.58984375,4166.1538085938,4164.3588867188,4171.6665039062,4106.41015625,4072.8205566406,4113.58984375,4106.5385742188
4124.2309570312,4132.9487304688,4099.7436523438,4370.5126953125,4186.6665039062,4162.1796875,4156.794921875,4159.3588867188,4165.2563476562,4168.58984375,4107.0512695312,4075.7692871094,4105.0,4101.0258789062
4122.9487304688,4135.2563476562,4105.0,4371.794921875,4187.0512695312,4167.0512695312,4165.5126953125,4161.9228515625,4167.3076171875,4165.6411132812,4105.6411132812,4081.5385742188,4103.3334960938,4102.4360351562
4116.6665039062,4137.0512695312,4106.9228515625,4374.2309570312,4182.8203125,4162.8203125,4162.9487304688,4165.1284179688,4162.3076171875,4166.794921875,4108.7177734375,4081.1538085938,4111.2822265625,4105.1284179688
4116.9228515625,4138.9741210938,4110.0,4380.0,4185.1284179688,4163.8461914062,4162.0512695312,4165.8974609375,4161.794921875,4166.9228515625,4109.8715820312,4077.6923828125,4110.0,4102.3076171875
4127.3076171875,4144.7436523438,4111.5385742188,4384.4873046875,4186.6665039062,4167.4360351562,4162.1796875,4161.794921875,4167.1796875,4166.9228515625,4111.1538085938,4086.5385742188,4106.5385742188,4099.3588867188
4134.7436523438,4155.2563476562,4119.615234375,4388.205078125,4185.0,4166.41015625,4162.9487304688,4161.5385742188,4168.4614257812,4166.41015625,4117.3076171875,4093.9743652344,4112.9487304688,4107.9487304688
4138.8461914062,4158.9741210938,4130.5126953125,4390.384765625,4185.6411132812,4165.2563476562,4167.3076171875,4167.5639648438,4167.0512695312,4164.4873046875,4125.7690429688,4095.0,4125.6411132812,4122.5639648438
4139.4873046875,4153.3334960938,4130.6411132812,4389.4873046875,4183.9741210938,4161.2822265625,4163.205078125,4167.1796875,4166.2822265625,4165.0,4133.3334960938,4104.1025390625,4137.4360351562,4125.1284179688
4135.384765625,4143.9741210938,4125.5126953125,4390.0,4186.6665039062,4162.4360351562,4164.2309570312,4165.6411132812,4165.0,4167.6923828125,4132.5639648438,4107.0512695312,4134.615234375,4117.0512695312
4130.7690429688,4137.0512695312,4117.4360351562,4382.9487304688,4185.8974609375,4163.205078125,4163.3334960938,4162.0512695312,4166.6665039062,4169.2309570312,4129.7436523438,4098.4614257812,4130.6411132812,4113.7177734375
4131.41015625,4138.4614257812,4113.58984375,4372.3076171875,4181.6665039062,4161.0258789062,4159.3588867188,4158.8461914062,4168.4614257812,4169.615234375,4128.9741210938,4101.0258789062,4140.384765625,4119.2309570312
4132.6923828125,4139.7436523438,4117.5639648438,4372.0512695312,4185.6411132812,4163.0771484375,4163.205078125,4162.9487304688,4165.8974609375,4166.0258789062,4126.794921875,4107.5639648438,4142.6923828125,4124.3588867188
4125.8974609375,4135.384765625,4116.41015625,4373.8461914062,4185.384765625,4163.4614257812,4161.9228515625,4162.5639648438,4165.5126953125,4164.7436523438,4123.7177734375,4101.6665039062,4132.4360351562,4116.6665039062
4121.1538085938,4134.2309570312,4112.3076171875,4373.3334960938,4185.1284179688,4166.1538085938,4163.4614257812,4161.6665039062,4168.3334960938,4166.41015625,4120.5126953125,4094.6154785156,4128.3334960938,4107.8203125
4126.41015625,4143.9741210938,4110.8974609375,4373.7177734375,4187.3076171875,4164.4873046875,4164.1025390625,4161.41015625,4166.6665039062,4163.58984375,4122.6923828125,4096.41015625,4130.7690429688,4112.0512695312
4137.3076171875,4152.6923828125,4116.41015625,4375.2563476562,4184.2309570312,4160.6411132812,4158.7177734375,4160.8974609375,4163.0771484375,4162.1796875,4132.5639648438,4106.5385742188,4136.41015625,4122.4360351562
4148.8461914062,4158.205078125,4129.7436523438,4381.1538085938,4183.7177734375,4165.8974609375,4162.4360351562,4167.3076171875,4164.7436523438,4163.3334960938,4140.6411132812,4118.4614257812,4144.2309570312,4133.9741210938
4154.1025390625,4166.1538085938,4138.58984375,4386.9228515625,4183.3334960938,4165.2563476562,4162.4360351562,4166.6665039062,4165.5126953125,4163.3334960938,4146.5385742188,4127.4360351562,4150.0,4142.0512695312
4152.4360351562,4167.4360351562,4140.384765625,4386.5385742188,4187.0512695312,4162.9487304688,4161.6665039062,4162.9487304688,4164.3588867188,4165.0,4150.2563476562,4127.6923828125,4147.5639648438,4142.5639648438
4143.205078125,4154.4873046875,4133.0771484375,4377.1796875,4188.7177734375,4166.41015625,4162.6923828125,4163.3334960938,4164.1025390625,4164.2309570312,4140.6411132812,4122.0512695312,4140.6411132812,4136.41015625
4138.0771484375,4139.8715820312,4126.2822265625,4369.4873046875,4181.794921875,4166.6665039062,4159.8715820312,4161.41015625,4163.4614257812,4163.205078125,4135.6411132812,4126.0258789062,4142.5639648438,4130.8974609375
4140.6411132812,4136.2822265625,4129.2309570312,4370.5126953125,4182.5639648438,4166.41015625,4164.7436523438,4164.615234375,4163.205078125,4165.1284179688,4140.1284179688,4125.6411132812,4146.2822265625,4133.0771484375
4130.1284179688,4132.9487304688,4120.8974609375,4367.1796875,4184.2309570312,4163.4614257812,4163.8461914062,4166.41015625,4162.8203125,4165.6411132812,4124.3588867188,4103.205078125,4131.0258789062,4124.1025390625
4118.3334960938,4129.8715820312,4109.4873046875,4364.4873046875,4183.3334960938,4163.58984375,4162.4360351562,4164.3588867188,4166.0258789062,4163.4614257812,4108.7177734375,4091.6667480469,4114.4873046875,4110.384765625
4130.384765625,4142.3076171875,4114.2309570312,4367.5639648438,4185.8974609375,4169.4873046875,4165.0,4162.5639648438,4168.3334960938,4163.0771484375,4122.1796875,4110.384765625,4123.58984375,4116.9228515625
4141.5385742188,4152.5639648438,4121.9228515625,4366.6665039062,4185.0,4168.205078125,4159.1025390625,4159.615234375,4166.0258789062,4164.2309570312,4131.5385742188,4117.6923828125,4133.8461914062,4123.3334960938
4139.615234375,4148.9741210938,4127.6923828125,4368.8461914062,4186.2822265625,4165.2563476562,4164.1025390625,4162.6923828125,4165.2563476562,4164.4873046875,4121.9228515625,4106.794921875,4123.3334960938,4116.794921875
4140.5126953125,4153.205078125,4132.4360351562,4373.7177734375,4187.1796875,4163.58984375,4166.9228515625,4164.7436523438,4165.2563476562,4164.1025390625,4127.3076171875,4114.8715820312,4122.4360351562,4116.1538085938
4144.615234375,4168.0771484375,4135.0,4376.5385742188,4186.2822265625,4164.8715820312,4160.6411132812,4164.2309570312,4165.1284179688,4165.1284179688,4142.3076171875,4130.384765625,4138.3334960938,4125.1284179688
4147.5639648438,4177.3076171875,4140.0,4379.7436523438,4187.4360351562,4169.8715820312,4162.9487304688,4166.1538085938,4166.794921875,4165.384765625,4146.6665039062,4132.3076171875,4143.8461914062,4132.4360351562
4150.5126953125,4179.8715820312,4143.3334960938,4380.6411132812,4184.2309570312,4167.8203125,4162.5639648438,4164.615234375,4165.384765625,4163.9741210938,4152.5639648438,4137.0512695312,4141.2822265625,4131.9228515625
4149.4873046875,4177.6923828125,4142.3076171875,4380.0,4182.3076171875,4165.5126953125,4163.8461914062,4167.0512695312,4163.8461914062,4163.8461914062,4158.0771484375,4142.6923828125,4143.0771484375,4135.2563476562
4147.0512695312,4176.5385742188,4140.6411132812,4382.5639648438,4182.9487304688,4165.5126953125,4164.3588867188,4166.794921875,4166.1538085938,4161.9228515625,4157.8203125,4142.5639648438,4149.8715820312,4145.6411132812
4150.7690429688,4186.2822265625,4145.384765625,4387.3076171875,4182.8203125,4161.9228515625,4158.9741210938,4160.0,4166.6665039062,4160.2563476562,4160.2563476562,4147.4360351562,4161.41015625,4152.8203125
4155.5126953125,4191.0258789062,4149.1025390625,4389.615234375,4185.384765625,4161.6665039062,4161.5385742188,4161.6665039062,4164.615234375,4165.1284179688,4161.0258789062,4149.8715820312,4166.5385742188,4150.5126953125
4152.5639648438,4184.1025390625,4145.0,4386.1538085938,4185.1284179688,4163.9741210938,4162.0512695312,4164.3588867188,4164.615234375,4165.8974609375,4155.2563476562,4142.5639648438,4164.2309570312,4136.0258789062
4149.2309570312,4180.5126953125,4145.7690429688,4386.41015625,4186.41015625,4167.3076171875,4164.3588867188,4167.0512695312,4165.6411132812,4163.8461914062,4149.4873046875,4137.1796875,4160.8974609375,4128.0771484375
4153.9741210938,4182.9487304688,4148.8461914062,4390.6411132812,4189.2309570312,4166.794921875,4163.7177734375,4166.6665039062,4164.8715820312,4170.8974609375,4153.8461914062,4143.0771484375,4162.9487304688,4136.0258789062
4159.8715820312,4181.1538085938,4147.4360351562,4393.4614257812,4186.0258789062,4163.205078125,4155.1284179688,4159.1025390625,4163.7177734375,4170.7690429688,4162.5639648438,4151.794921875,4169.615234375,4139.8715820312
4162.8203125,4177.9487304688,4151.2822265625,4395.2563476562,4185.384765625,4165.1284179688,4160.0,4160.5126953125,4165.5126953125,4164.3588867188,4163.4614257812,4153.9741210938,4173.8461914062,4142.4360351562
4161.9228515625,4176.9228515625,4155.5126953125,4391.6665039062,4185.1284179688,4164.2309570312,4163.4614257812,4165.5126953125,4165.5126953125,4167.1796875,4164.615234375,4159.3588867188,4178.58984375,4149.615234375
4158.0771484375,4169.8715820312,4155.0,4386.9228515625,4185.6411132812,4164.3588867188,4162.8203125,4167.9487304688,4163.8461914062,4170.2563476562,4166.6665039062,4160.7690429688,4175.8974609375,4152.3076171875
4159.7436523438,4164.3588867188,4154.1025390625,4386.9228515625,4187.3076171875,4166.1538085938,4166.1538085938,4167.9487304688,4164.1025390625,4165.2563476562,4163.4614257812,4153.4614257812,4169.4873046875,4154.3588867188
4168.3334960938,4172.1796875,4158.3334960938,4391.6665039062,4184.615234375,4163.58984375,4161.1538085938,4162.0512695312,4165.8974609375,4159.8715820312,4171.0258789062,4162.6923828125,4180.6411132812,4163.8461914062
4172.6923828125,4178.0771484375,4163.3334960938,4397.6923828125,4187.3076171875,4166.5385742188,4161.6665039062,4163.3334960938,4169.615234375,4163.0771484375,4182.3076171875,4177.6923828125,4192.1796875,4172.9487304688
4168.4614257812,4171.0258789062,4159.1025390625,4392.9487304688,4186.2822265625,4164.7436523438,4163.3334960938,4165.384765625,4168.9741210938,4169.2309570312,4178.3334960938,4174.1025390625,4186.2822265625,4167.4360351562
4161.5385742188,4161.5385742188,4155.5126953125,4387.1796875,4182.5639648438,4162.1796875,4161.9228515625,4163.7177734375,4165.7690429688,4169.8715820312,4163.4614257812,4159.3588867188,4173.58984375,4152.5639648438
4156.9228515625,4158.205078125,4157.0512695312,4390.5126953125,4186.0258789062,4167.4360351562,4164.3588867188,4162.3076171875,4166.9228515625,4164.2309570312,4151.794921875,4149.1025390625,4161.5385742188,4144.615234375
4163.0771484375,4162.5639648438,4160.2563476562,4395.0,4185.2563476562,4165.8974609375,4160.8974609375,4158.7177734375,4166.9228515625,4161.5385742188,4158.0771484375,4156.794921875,4161.0258789062,4148.3334960938
4172.0512695312,4164.3588867188,4168.4614257812,4393.9741210938,4185.6411132812,4165.5126953125,4161.9228515625,4163.0771484375,4165.0,4165.8974609375,4163.7177734375,4165.384765625,4168.0771484375,4155.384765625
4164.3588867188,4152.9487304688,4165.2563476562,4382.1796875,4185.6411132812,4168.3334960938,4162.8203125,4166.6665039062,4163.4614257812,4169.7436523438,4151.5385742188,4154.4873046875,4160.5126953125,4146.2822265625
4158.8461914062,4149.3588867188,4159.3588867188,4377.6923828125,4183.9741210938,4168.4614257812,4161.6665039062,4163.205078125,4164.3588867188,4168.3334960938,4153.7177734375,4153.7177734375,4155.1284179688,4140.0
4173.3334960938,4164.8715820312,4169.7436523438,4387.9487304688,4187.3076171875,4170.1284179688,4164.1025390625,4164.2309570312,4166.794921875,4167.1796875,4176.41015625,4176.1538085938,4173.3334960938,4162.6923828125
4178.4614257812,4166.2822265625,4171.2822265625,4385.1284179688,4184.3588867188,4165.7690429688,4156.41015625,4160.7690429688,4165.1284179688,4166.2822265625,4179.3588867188,4183.205078125,4182.3076171875,4172.0512695312
4172.4360351562,4151.1538085938,4165.2563476562,4374.8715820312,4181.1538085938,4164.1025390625,4156.6665039062,4160.2563476562,4163.4614257812,4164.8715820312,4166.6665039062,4172.6923828125,4169.1025390625,4157.0512695312
4174.7436523438,4149.3588867188,4170.5126953125,4377.1796875,4182.8203125,4166.2822265625,4164.7436523438,4166.6665039062,4165.7690429688,4169.8715820312,4168.9741210938,4172.4360351562,4161.2822265625,4154.4873046875
4171.6665039062,4152.5639648438,4171.794921875,4378.58984375,4184.615234375,4164.8715820312,4163.205078125,4169.2309570312,4167.9487304688,4171.1538085938,4167.3076171875,4170.6411132812,4155.8974609375,4152.3076171875
4157.0512695312,4147.6923828125,4159.2309570312,4372.5639648438,4187.3076171875,4165.8974609375,4163.3334960938,4166.794921875,4166.1538085938,4166.5385742188,4150.384765625,4156.2822265625,4138.8461914062,4137.1796875
4145.384765625,4144.8715820312,4146.2822265625,4362.1796875,4184.4873046875,4164.2309570312,4161.1538085938,4159.615234375,4163.205078125,4167.6923828125,4139.1025390625,4141.9228515625,4122.1796875,4123.8461914062
4148.0771484375,4146.6665039062,4149.7436523438,4357.0512695312,4184.7436523438,4165.5126953125,4162.3076171875,4160.5126953125,4163.58984375,4170.384765625,4138.4614257812,4138.8461914062,4117.0512695312,4124.615234375
4159.615234375,4153.58984375,4161.6665039062,4363.3334960938,4185.0,4166.0258789062,4164.3588867188,4163.58984375,4165.384765625,4163.4614257812,4144.3588867188,4149.8715820312,4120.0,4133.9741210938
4167.8203125,4163.4614257812,4166.1538085938,4370.2563476562,4178.58984375,4159.7436523438,4157.6923828125,4158.9741210938,4163.4614257812,4161.1538085938,4150.8974609375,4158.58984375,4122.0512695312,4137.1796875
4168.9741210938,4160.5126953125,4163.8461914062,4369.3588867188,4181.1538085938,4163.9741210938,4160.5126953125,4162.8203125,4161.0258789062,4167.3076171875,4146.5385742188,4150.7690429688,4117.1796875,4137.0512695312
4170.5126953125,4151.0258789062,4160.5126953125,4366.2822265625,4184.1025390625,4168.4614257812,4162.0512695312,4164.7436523438,4162.9487304688,4165.5126953125,4147.0512695312,4154.615234375,4124.2309570312,4143.9741210938
4177.5639648438,4152.3076171875,4165.6411132812,4369.7436523438,4182.8203125,4163.8461914062,4160.5126953125,4162.5639648438,4165.384765625,4162.1796875,4160.2563476562,4175.5126953125,4144.7436523438,4154.8715820312
4180.6411132812,4154.1025390625,4171.0258789062,4369.4873046875,4182.5639648438,4161.0258789062,4161.9228515625,4164.7436523438,4165.0,4166.794921875,4160.5126953125,4178.9741210938,4149.615234375,4158.205078125
4178.3334960938,4145.384765625,4166.6665039062,4364.8715820312,4179.8715820312,4161.41015625,4157.0512695312,4163.0771484375,4162.3076171875,4167.9487304688,4150.7690429688,4170.384765625,4140.8974609375,4153.4614257812
4181.2822265625,4140.7690429688,4165.6411132812,4367.6923828125,4183.9741210938,4164.615234375,4161.1538085938,4163.3334960938,4164.2309570312,4165.5126953125,4151.9228515625,4168.58984375,4136.9228515625,4155.7690429688
4183.7177734375,4144.8715820312,4169.3588867188,4365.8974609375,4185.8974609375,4164.8715820312,4162.6923828125,4164.615234375,4167.4360351562,4166.5385742188,4156.2822265625,4171.2822265625,4138.9741210938,4159.7436523438
4179.2309570312,4143.3334960938,4171.6665039062,4360.6411132812,4181.1538085938,4164.7436523438,4161.2822265625,4164.4873046875,4165.5126953125,4167.1796875,4153.9741210938,4172.4360351562,4141.2822265625,4155.5126953125
4181.41015625,4137.3076171875,4170.6411132812,4365.8974609375,4182.3076171875,4166.794921875,4167.0512695312,4167.3076171875,4164.2309570312,4165.1284179688,4153.58984375,4170.0,4145.8974609375,4153.8461914062
4186.5385742188,4141.1538085938,4165.2563476562,4372.1796875,4183.3334960938,4161.1538085938,4161.794921875,4164.8715820312,4166.0258789062,4166.41015625,4160.6411132812,4172.4360351562,4153.205078125,4156.5385742188
4188.7177734375,4150.7690429688,4167.8203125,4375.7690429688,4183.8461914062,4160.384765625,4160.5126953125,4161.2822265625,4166.6665039062,4168.4614257812,4166.9228515625,4183.3334960938,4159.3588867188,4161.1538085938
4194.7436523438,4154.615234375,4177.3076171875,4379.2309570312,4183.8461914062,4166.5385742188,4161.9228515625,4161.6665039062,4166.2822265625,4163.9741210938,4172.4360351562,4197.0512695312,4172.1796875,4166.2822265625
4199.3588867188,4156.6665039062,4182.9487304688,4381.1538085938,4182.8203125,4166.9228515625,4157.3076171875,4162.4360351562,4166.41015625,4161.41015625,4178.7177734375,4201.2822265625,4188.205078125,4166.2822265625
4200.5126953125,4161.794921875,4187.0512695312,4383.9741210938,4185.1284179688,4166.6665039062,4162.6923828125,4163.9741210938,4163.9741210938,4165.5126953125,4179.4873046875,4196.794921875,4194.1025390625,4166.794921875
4202.3076171875,4169.2309570312,4188.205078125,4384.2309570312,4183.205078125,4161.9228515625,4163.0771484375,4162.1796875,4162.0512695312,4163.8461914062,4181.1538085938,4199.3588867188,4196.41015625,4168.8461914062
4200.6411132812,4169.2309570312,4183.7177734375,4378.4614257812,4182.3076171875,4161.1538085938,4158.58984375,4162.4360351562,4164.7436523438,4161.41015625,4180.5126953125,4197.0512695312,4196.794921875,4168.7177734375
4188.205078125,4156.794921875,4170.2563476562,4367.0512695312,4183.8461914062,4166.6665039062,4160.1284179688,4163.205078125,4165.6411132812,4167.3076171875,4166.5385742188,4177.3076171875,4180.384765625,4159.2309570312
4178.205078125,4150.1284179688,4165.5126953125,4360.6411132812,4180.8974609375,4166.9228515625,4162.3076171875,4160.2563476562,4164.2309570312,4169.7436523438,4156.0258789062,4163.3334960938,4165.384765625,4146.0258789062
4181.2822265625,4155.5126953125,4178.3334960938,4368.9741210938,4184.1025390625,4167.8203125,4168.0771484375,4165.5126953125,4165.384765625,4166.794921875,4159.615234375,4168.4614257812,4168.3334960938,4150.384765625
4186.6665039062,4159.4873046875,4177.9487304688,4372.8203125,4186.1538085938,4166.0258789062,4163.7177734375,4167.5639648438,4164.8715820312,4169.1025390625,4166.0258789062,4178.8461914062,4176.0258789062,4158.58984375
4194.8715820312,4165.6411132812,4174.3588867188,4371.6665039062,4183.3334960938,4163.7177734375,4158.58984375,4163.205078125,4164.7436523438,4170.2563476562,4174.4873046875,4190.384765625,4184.3588867188,4163.9741210938
4204.8715820312,4175.6411132812,4186.5385742188,4373.4614257812,4182.8203125,4164.2309570312,4162.3076171875,4161.1538085938,4167.1796875,4167.1796875,4183.9741210938,4202.9487304688,4193.205078125,4176.794921875
4201.1538085938,4173.4614257812,4190.2563476562,4369.1025390625,4181.0258789062,4162.4360351562,4159.3588867188,4158.8461914062,4164.8715820312,4164.8715820312,4181.41015625,4200.6411132812,4187.4360351562,4172.4360351562
4190.0,4160.1284179688,4181.5385742188,4363.8461914062,4181.9228515625,4166.0258789062,4161.1538085938,4164.4873046875,4162.8203125,4164.4873046875,4169.7436523438,4181.41015625,4170.5126953125,4156.1538085938
4183.205078125,4151.794921875,4170.5126953125,4357.5639648438,4183.7177734375,4167.4360351562,4162.0512695312,4166.0258789062,4164.3588867188,4168.7177734375,4163.0771484375,4167.0512695312,4160.8974609375,4149.615234375
4177.3076171875,4146.0258789062,4162.1796875,4349.3588867188,4185.2563476562,4162.9487304688,4158.58984375,4159.3588867188,4165.7690429688,4171.5385742188,4155.1284179688,4163.3334960938,4155.6411132812,4144.2309570312
4174.2309570312,4137.5639648438,4159.3588867188,4345.5126953125,4185.0,4165.0,4160.6411132812,4160.2563476562,4165.384765625,4165.5126953125,4145.1284179688,4156.5385742188,4145.7690429688,4137.9487304688
4172.8203125,4135.7690429688,4160.8974609375,4346.0258789062,4181.41015625,4165.6411132812,4160.2563476562,4160.384765625,4164.3588867188,4160.384765625,4144.4873046875,4153.7177734375,4144.7436523438,4137.0512695312
4173.4614257812,4143.205078125,4167.1796875,4350.2563476562,4184.1025390625,4162.3076171875,4164.1025390625,4162.1796875,4164.2309570312,4164.7436523438,4148.9741210938,4157.4360351562,4149.2309570312,4141.0258789062
4180.384765625,4150.0,4172.0512695312,4353.205078125,4185.5126953125,4160.2563476562,4162.9487304688,4163.8461914062,4163.9741210938,4169.7436523438,4157.0512695312,4162.6923828125,4156.2822265625,4147.4360351562
4187.6923828125,4152.5639648438,4175.7690429688,4354.615234375,4182.8203125,4163.8461914062,4158.7177734375,4162.4360351562,4164.4873046875,4169.3588867188,4169.3588867188,4171.5385742188,4169.4873046875,4153.9741210938
4191.794921875,4160.6411132812,4180.2563476562,4357.3076171875,4185.6411132812,4168.8461914062,4164.3588867188,4165.6411132812,4164.7436523438,4164.1025390625,4177.0512695312,4184.2309570312,4178.8461914062,4165.384765625
4195.6411132812,4175.0,4183.7177734375,4358.3334960938,4181.9228515625,4163.7177734375,4160.0,4163.4614257812,4165.384765625,4163.0771484375,4184.8715820312,4198.7177734375,4186.6665039062,4177.1796875
4200.8974609375,4178.58984375,4190.1284179688,4360.2563476562,4177.8203125,4162.4360351562,4159.1025390625,4162.9487304688,4168.4614257812,4166.5385742188,4188.8461914062,4201.41015625,4194.3588867188,4176.794921875
4206.5385742188,4179.1025390625,4195.2563476562,4366.5385742188,4182.1796875,4165.0,4164.4873046875,4166.6665039062,4167.6923828125,4163.9741210938,4188.4614257812,4198.8461914062,4205.2563476562,4178.8461914062
4215.8974609375,4187.6923828125,4199.4873046875,4372.8203125,4182.9487304688,4163.3334960938,4157.9487304688,4161.2822265625,4164.3588867188,4162.8203125,4200.1284179688,4215.7690429688,4224.7436523438,4192.6923828125
4223.4614257812,4184.4873046875,4204.1025390625,4371.41015625,4184.4873046875,4165.7690429688,4160.6411132812,4159.1025390625,4166.0258789062,4165.2563476562,4206.41015625,4226.9228515625,4229.8715820312,4197.4360351562
4219.4873046875,4173.4614257812,4200.0,4363.0771484375,4181.9228515625,4164.7436523438,4164.2309570312,4162.5639648438,4166.41015625,4161.6665039062,4195.0,4214.4873046875,4219.7436523438,4188.4614257812
4221.6665039062,4180.8974609375,4198.3334960938,4366.9228515625,4180.6411132812,4164.8715820312,4162.5639648438,4165.384765625,4160.8974609375,4160.6411132812,4197.0512695312,4215.0,4222.8203125,4193.7177734375
4231.2822265625,4196.0258789062,4204.615234375,4374.3588867188,4184.7436523438,4166.9228515625,4163.9741210938,4163.0771484375,4160.7690429688,4167.5639648438,4208.8461914062,4225.1284179688,4232.3076171875,4205.5126953125
4229.4873046875,4197.5639648438,4203.3334960938,4367.8203125,4183.0771484375,4163.205078125,4159.2309570312,4160.0,4165.2563476562,4169.3588867188,4207.8203125,4220.5126953125,4225.7690429688,4196.794921875
4221.2822265625,4197.3076171875,4199.4873046875,4362.6923828125,4184.7436523438,4166.9228515625,4159.4873046875,4163.9741210938,4168.205078125,4165.1284179688,4206.6665039062,4215.384765625,4216.794921875,4188.9741210938
4217.0512695312,4201.1538085938,4198.7177734375,4363.205078125,4182.0512695312,4168.7177734375,4160.8974609375,4163.58984375,4166.41015625,4165.2563476562,4210.6411132812,4217.1796875,4217.1796875,4188.0771484375
4211.794921875,4197.6923828125,4195.5126953125,4361.2822265625,4177.6923828125,4161.2822265625,4161.6665039062,4162.1796875,4164.2309570312,4167.1796875,4201.794921875,4210.7690429688,4211.1538085938,4180.0
4202.6923828125,4194.2309570312,4186.0258789062,4357.9487304688,4181.1538085938,4159.615234375,4163.58984375,4163.8461914062,4165.5126953125,4163.7177734375,4190.6411132812,4199.2309570312,4197.4360351562,4172.9487304688
4200.6411132812,4198.8461914062,4179.4873046875,4354.1025390625,4180.7690429688,4163.58984375,4160.1284179688,4158.8461914062,4164.4873046875,4162.1796875,4192.3076171875,4196.41015625,4187.4360351562,4168.58984375
4208.205078125,4200.8974609375,4189.615234375,4353.0771484375,4181.5385742188,4168.4614257812,4166.9228515625,4164.1025390625,4163.8461914062,4165.0,4190.1284179688,4198.4614257812,4178.3334960938,4172.8203125
4211.2822265625,4194.615234375,4194.3588867188,4349.2309570312,4180.8974609375,4164.2309570312,4167.9487304688,4171.0258789062,4166.9228515625,4164.7436523438,4186.0258789062,4205.2563476562,4175.5126953125,4182.6923828125
4205.8974609375,4188.8461914062,4190.7690429688,4347.3076171875,4179.1025390625,4157.5639648438,4158.205078125,4165.0,4167.8203125,4165.2563476562,4191.5385742188,4211.794921875,4182.9487304688,4191.5385742188
4206.6665039062,4189.2309570312,4195.5126953125,4352.0512695312,4183.8461914062,4163.0771484375,4159.1025390625,4164.3588867188,4165.5126953125,4165.0,4193.7177734375,4210.384765625,4188.3334960938,4200.8974609375
4204.7436523438,4183.205078125,4191.2822265625,4345.0,4182.8203125,4165.5126953125,4161.0258789062,4164.1025390625,4164.8715820312,4160.6411132812,4183.205078125,4202.1796875,4178.0771484375,4191.794921875
4192.4360351562,4171.794921875,4181.1538085938,4333.58984375,4179.8715820312,4163.7177734375,4165.0,4161.6665039062,4167.5639648438,4161.6665039062,4172.9487304688,4190.8974609375,4165.384765625,4173.58984375
4190.2563476562,4176.0258789062,4185.8974609375,4338.205078125,4180.1284179688,4161.9228515625,4165.2563476562,4162.8203125,4166.9228515625,4164.8715820312,4181.0258789062,4195.5126953125,4174.8715820312,4179.1025390625
4198.58984375,4181.9228515625,4195.384765625,4346.1538085938,4178.3334960938,4160.2563476562,4160.7690429688,4164.2309570312,4164.2309570312,4162.8203125,4193.58984375,4206.9228515625,4187.3076171875,4188.3334960938
4197.1796875,4172.6923828125,4189.4873046875,4342.8203125,4181.5385742188,4166.41015625,4165.7690429688,4166.5385742188,4165.5126953125,4163.0771484375,4187.3076171875,4196.9228515625,4176.6665039062,4177.9487304688
4187.8203125,4168.7177734375,4175.8974609375,4333.0771484375,4182.9487304688,4166.9228515625,4160.8974609375,4163.205078125,4167.8203125,4165.1284179688,4174.8715820312,4179.3588867188,4164.8715820312,4163.205078125
4189.4873046875,4176.5385742188,4182.3076171875,4333.0771484375,4181.0258789062,4165.0,4156.794921875,4164.3588867188,4167.8203125,4163.9741210938,4173.9741210938,4180.0,4172.9487304688,4164.615234375
4195.2563476562,4175.8974609375,4193.58984375,4337.8203125,4181.0258789062,4167.3076171875,4164.2309570312,4167.6923828125,4166.1538085938,4166.794921875,4176.9228515625,4190.5126953125,4179.615234375,4175.8974609375
4198.7177734375,4174.7436523438,4192.1796875,4340.0,4180.1284179688,4163.4614257812,4160.2563476562,4161.9228515625,4164.615234375,4167.9487304688,4185.7690429688,4205.7690429688,4182.3076171875,4185.0
4211.9228515625,4186.6665039062,4197.0512695312,4345.384765625,4181.9228515625,4161.5385742188,4158.205078125,4160.7690429688,4165.2563476562,4165.5126953125,4202.5639648438,4224.3588867188,4195.7690429688,4196.1538085938
4221.1538085938,4191.41015625,4204.615234375,4347.6923828125,4179.8715820312,4163.7177734375,4159.1025390625,4162.4360351562,4166.794921875,4169.615234375,4212.4360351562,4233.4614257812,4211.794921875,4203.8461914062
4217.0512695312,4184.1025390625,4206.6665039062,4350.2563476562,4178.3334960938,4165.1284179688,4161.1538085938,4163.0771484375,4165.384765625,4170.5126953125,4208.4614257812,4233.4614257812,4214.615234375,4201.1538085938
4207.5639648438,4176.794921875,4202.5639648438,4352.0512695312,4181.794921875,4163.205078125,4166.1538085938,4167.1796875,4164.615234375,4164.615234375,4194.3588867188,4219.7436523438,4199.2309570312,4189.4873046875
4193.205078125,4173.0771484375,4188.205078125,4343.7177734375,4180.6411132812,4160.2563476562,4159.4873046875,4164.8715820312,4166.1538085938,4161.41015625,4179.8715820312,4200.0,4181.2822265625,4170.1284179688
4177.1796875,4169.4873046875,4174.2309570312,4332.6923828125,4180.7690429688,4164.8715820312,4158.7177734375,4162.5639648438,4165.5126953125,4164.7436523438,4166.41015625,4184.4873046875,4164.7436523438,4152.8203125
4171.0258789062,4173.8461914062,4170.1284179688,4329.2309570312,4181.41015625,4165.2563476562,4159.7436523438,4162.5639648438,4163.9741210938,4170.384765625,4159.1025390625,4175.0,4152.9487304688,4146.9228515625
4178.58984375,4192.3076171875,4181.5385742188,4337.3076171875,4180.6411132812,4163.3334960938,4160.5126953125,4163.8461914062,4163.4614257812,4168.0771484375,4171.794921875,4185.5126953125,4162.1796875,4156.5385742188
4191.1538085938,4205.2563476562,4198.9741210938,4348.3334960938,4181.6665039062,4166.2822265625,4169.8715820312,4167.3076171875,4164.615234375,4166.1538085938,4191.794921875,4209.2309570312,4182.5639648438,4175.5126953125
4197.9487304688,4208.0771484375,4199.7436523438,4348.7177734375,4178.7177734375,4164.3588867188,4164.3588867188,4163.58984375,4164.3588867188,4168.9741210938,4201.41015625,4222.0512695312,4198.58984375,4185.6411132812
4203.9741210938,4212.3076171875,4195.384765625,4346.794921875,4179.7436523438,4165.1284179688,4157.8203125,4161.1538085938,4165.1284179688,4169.3588867188,4202.5639648438,4221.1538085938,4203.8461914062,4190.6411132812
4215.2563476562,4217.1796875,4203.58984375,4351.0258789062,4183.7177734375,4166.794921875,4160.7690429688,4162.8203125,4168.205078125,4168.8461914062,4209.2309570312,4230.7690429688,4211.6665039062,4201.41015625
4222.0512695312,4219.8715820312,4213.7177734375,4357.8203125,4180.8974609375,4163.205078125,4161.2822265625,4163.0771484375,4168.205078125,4170.5126953125,4222.5639648438,4248.0771484375,4225.7690429688,4208.0771484375
4215.8974609375,4216.794921875,4211.1538085938,4357.4360351562,4179.7436523438,4164.3588867188,4162.3076171875,4165.8974609375,4165.6411132812,4166.794921875,4217.5639648438,4242.8203125,4222.9487304688,4205.5126953125
4203.4614257812,4210.1284179688,4200.1284179688,4347.4360351562,4179.1025390625,4164.2309570312,4159.2309570312,4164.615234375,4162.6923828125,4160.7690429688,4198.3334960938,4222.4360351562,4204.3588867188,4192.5639648438
4200.8974609375,4209.7436523438,4199.3588867188,4349.2309570312,4182.9487304688,4163.7177734375,4161.41015625,4165.0,4163.8461914062,4164.3588867188,4195.384765625,4217.4360351562,4198.9741210938,4185.8974609375
4207.5639648438,4216.794921875,4204.1025390625,4356.41015625,4185.6411132812,4165.7690429688,4164.615234375,4167.4360351562,4165.2563476562,4168.205078125,4207.5639648438,4229.4873046875,4209.1025390625,4194.7436523438
4210.0,4218.7177734375,4204.8715820312,4350.5126953125,4180.0,4164.7436523438,4160.8974609375,4163.205078125,4163.9741210938,4167.6923828125,4213.205078125,4234.2309570312,4213.58984375,4198.0771484375
4215.2563476562,4220.8974609375,4210.6411132812,4349.7436523438,4181.0258789062,4164.615234375,4162.9487304688,4164.7436523438,4163.7177734375,4166.0258789062,4214.1025390625,4233.58984375,4217.6923828125,4202.6923828125
4231.41015625,4235.5126953125,4221.5385742188,4359.3588867188,4181.794921875,4163.4614257812,4160.7690429688,4165.1284179688,4162.0512695312,4161.9228515625,4227.3076171875,4253.8461914062,4234.615234375,4218.3334960938
4243.58984375,4246.794921875,4229.8715820312,4362.9487304688,4181.5385742188,4165.384765625,4159.1025390625,4161.2822265625,4163.9741210938,4162.9487304688,4237.9487304688,4272.4360351562,4245.384765625,4225.384765625
4232.0512695312,4234.2309570312,4221.9228515625,4354.3588867188,4183.9741210938,4169.8715820312,4162.9487304688,4163.58984375,4167.1796875,4166.6665039062,4223.0771484375,4251.5385742188,4226.794921875,4210.6411132812
4208.205078125,4217.8203125,4203.7177734375,4340.2563476562,4180.384765625,4164.615234375,4160.8974609375,4165.2563476562,4164.1025390625,4165.8974609375,4198.58984375,4222.3076171875,4202.0512695312,4190.384765625
4204.615234375,4221.794921875,4202.1796875,4332.3076171875,4179.4873046875,4161.6665039062,4165.0,4168.58984375,4161.2822265625,4165.7690429688,4191.41015625,4220.8974609375,4201.0258789062,4190.2563476562
4207.0512695312,4220.6411132812,4201.2822265625,4326.9228515625,4179.3588867188,4163.7177734375,4164.3588867188,4167.0512695312,4163.9741210938,4168.3334960938,4188.205078125,4220.0,4197.3076171875,4189.4873046875
4190.0,4197.8203125,4185.8974609375,4320.5126953125,4180.2563476562,4163.9741210938,4156.794921875,4162.5639648438,4166.2822265625,4167.8203125,4168.7177734375,4196.2822265625,4170.6411132812,4166.9228515625
4181.0258789062,4188.205078125,4183.205078125,4320.7690429688,4185.2563476562,4165.7690429688,4159.1025390625,4163.58984375,4165.1284179688,4162.4360351562,4156.794921875,4182.1796875,4155.1284179688,4157.1796875
4188.205078125,4196.1538085938,4194.2309570312,4321.794921875,4180.6411132812,4163.7177734375,4161.0258789062,4163.0771484375,4166.2822265625,4160.8974609375,4165.2563476562,4192.5639648438,4165.1284179688,4164.615234375
4189.1025390625,4190.384765625,4197.4360351562,4322.5639648438,4177.0512695312,4164.615234375,4165.0,4165.6411132812,4169.7436523438,4164.8715820312,4167.4360351562,4192.8203125,4169.8715820312,4165.2563476562
4189.1025390625,4190.384765625,4197.4360351562,4322.5639648438,4177.0512695312,4164.615234375,4165.0,4165.6411132812,4169.7436523438,4164.8715820312,4167.4360351562,4192.8203125,4169.8715820312,4165.2563476562
4187.6923828125,4181.794921875,4192.9487304688,4323.8461914062,4180.2563476562,4165.2563476562,4164.3588867188,4166.0258789062,4166.2822265625,4164.2309570312,4166.0258789062,4188.3334960938,4174.2309570312,4167.0512695312
4193.3334960938,4186.794921875,4195.384765625,4321.794921875,4182.9487304688,4162.4360351562,4158.58984375,4161.5385742188,4161.6665039062,4162.5639648438,4175.0,4202.5639648438,4192.8203125,4174.4873046875
4195.2563476562,4189.7436523438,4198.9741210938,4318.7177734375,4185.384765625,4166.1538085938,4163.58984375,4164.2309570312,4165.0,4164.8715820312,4177.4360351562,4209.615234375,4200.8974609375,4175.2563476562
4185.1284179688,4180.6411132812,4188.8461914062,4309.1025390625,4179.1025390625,4163.7177734375,4161.5385742188,4164.4873046875,4166.41015625,4164.4873046875,4166.0258789062,4190.5126953125,4187.9487304688,4162.9487304688
4171.5385742188,4156.9228515625,4177.5639648438,4295.1284179688,4176.1538085938,4160.7690429688,4160.8974609375,4166.41015625,4163.7177734375,4163.9741210938,4145.6411132812,4163.3334960938,4160.5126953125,4145.1284179688
4152.6923828125,4129.3588867188,4164.7436523438,4282.1796875,4182.5639648438,4161.41015625,4165.5126953125,4168.7177734375,4165.384765625,4167.0512695312,4123.58984375,4140.0,4134.615234375,4125.8974609375
4136.0258789062,4118.205078125,4151.0258789062,4276.6665039062,4184.1025390625,4159.1025390625,4161.6665039062,4161.41015625,4165.6411132812,4167.3076171875,4111.9228515625,4126.2822265625,4126.5385742188,4111.41015625
4135.8974609375,4123.3334960938,4150.7690429688,4277.8203125,4182.5639648438,4164.2309570312,4164.7436523438,4160.7690429688,4163.8461914062,4164.1025390625,4105.1284179688,4123.0771484375,4127.0512695312,4112.5639648438
4138.8461914062,4127.8203125,4152.6923828125,4276.1538085938,4178.0771484375,4166.0258789062,4163.3334960938,4163.205078125,4165.2563476562,4164.4873046875,4097.9487304688,4121.794921875,4125.0,4115.6411132812
4137.1796875,4126.0258789062,4153.8461914062,4278.8461914062,4177.4360351562,4162.9487304688,4160.2563476562,4163.4614257812,4165.384765625,4163.8461914062,4097.8203125,4119.1025390625,4124.8715820312,4111.9228515625
4136.6665039062,4126.5385742188,4159.3588867188,4283.9741210938,4181.41015625,4162.4360351562,4164.2309570312,4165.6411132812,4163.8461914062,4166.1538085938,4105.7690429688,4120.7690429688,4128.8461914062,4110.384765625
4142.1796875,4133.58984375,4162.3076171875,4283.8461914062,4179.7436523438,4161.6665039062,4161.2822265625,4164.615234375,4164.2309570312,4171.2822265625,4118.0771484375,4133.0771484375,4139.615234375,4115.1284179688
4157.5639648438,4143.9741210938,4169.1025390625,4288.8461914062,4180.2563476562,4165.0,4160.5126953125,4162.4360351562,4165.8974609375,4168.205078125,4135.0,4153.205078125,4156.1538085938,4133.3334960938
4165.8974609375,4143.3334960938,4177.4360351562,4294.3588867188,4180.5126953125,4163.9741210938,4159.8715820312,4159.615234375,4166.2822265625,4163.205078125,4148.9741210938,4166.0258789062,4168.7177734375,4146.5385742188
4155.1284179688,4128.8461914062,4177.5639648438,4291.0258789062,4176.9228515625,4161.794921875,4161.0258789062,4163.3334960938,4165.8974609375,4165.0,4148.0771484375,4160.7690429688,4171.1538085938,4137.4360351562
4148.205078125,4127.4360351562,4173.205078125,4286.1538085938,4176.2822265625,4164.8715820312,4164.4873046875,4169.4873046875,4164.615234375,4165.8974609375,4142.0512695312,4155.6411132812,4170.0,4133.0771484375
4151.0258789062,4135.6411132812,4167.0512695312,4285.7690429688,4176.9228515625,4163.8461914062,4157.6923828125,4163.3334960938,4163.4614257812,4161.41015625,4139.3588867188,4157.0512695312,4168.58984375,4135.8974609375
4141.41015625,4123.4614257812,4160.7690429688,4285.7690429688,4180.5126953125,4165.0,4161.794921875,4160.7690429688,4164.8715820312,4164.2309570312,4126.0258789062,4141.0258789062,4158.4614257812,4121.794921875
4123.205078125,4108.0771484375,4152.4360351562,4280.0,4179.7436523438,4166.5385742188,4166.794921875,4165.2563476562,4166.2822265625,4171.6665039062,4112.8203125,4120.1284179688,4148.3334960938,4102.4360351562
4122.6923828125,4115.384765625,4152.5639648438,4278.8461914062,4177.5639648438,4165.2563476562,4160.1284179688,4166.9228515625,4165.2563476562,4168.4614257812,4118.3334960938,4126.0258789062,4157.1796875,4106.9228515625
4144.8715820312,4130.6411132812,4168.58984375,4289.4873046875,4181.1538085938,4165.6411132812,4161.0258789062,4165.6411132812,4163.3334960938,4165.7690429688,4132.0512695312,4151.9228515625,4184.1025390625,4132.8203125
4170.0,4141.2822265625,4182.5639648438,4298.205078125,4179.1025390625,4162.1796875,4160.0,4158.3334960938,4162.8203125,4168.58984375,4147.4360351562,4177.4360351562,4208.58984375,4152.8203125
4177.9487304688,4145.1284179688,4190.1284179688,4301.1538085938,4180.7690429688,4163.7177734375,4162.6923828125,4159.615234375,4167.3076171875,4167.9487304688,4160.1284179688,4190.2563476562,4212.8203125,4159.3588867188
4170.6411132812,4138.3334960938,4193.4614257812,4296.6665039062,4183.0771484375,4167.5639648438,4166.41015625,4163.9741210938,4168.9741210938,4167.8203125,4158.9741210938,4190.8974609375,4203.4614257812,4156.9228515625
4166.2822265625,4126.9228515625,4191.6665039062,4287.3076171875,4176.9228515625,4162.8203125,4161.6665039062,4163.0771484375,4165.1284179688,4168.0771484375,4155.0,4188.9741210938,4198.205078125,4150.5126953125
4163.0771484375,4115.8974609375,4184.3588867188,4284.7436523438,4179.1025390625,4162.6923828125,4163.7177734375,4165.5126953125,4164.7436523438,4168.9741210938,4154.2309570312,4183.205078125,4196.794921875,4145.2563476562
4150.2563476562,4106.1538085938,4173.7177734375,4282.5639648438,4181.794921875,4164.615234375,4161.6665039062,4160.1284179688,4166.794921875,4169.4873046875,4151.2822265625,4176.41015625,4192.9487304688,4134.7436523438
4145.6411132812,4107.5639648438,4177.0512695312,4281.41015625,4180.2563476562,4164.615234375,4159.8715820312,4155.6411132812,4166.794921875,4167.9487304688,4154.1025390625,4179.3588867188,4189.7436523438,4130.7690429688
4156.9228515625,4120.8974609375,4187.4360351562,4286.5385742188,4179.4873046875,4165.384765625,4165.1284179688,4162.9487304688,4166.6665039062,4168.205078125,4163.8461914062,4190.384765625,4193.58984375,4140.2563476562
4164.7436523438,4130.6411132812,4192.1796875,4291.794921875,4177.3076171875,4164.7436523438,4164.2309570312,4166.1538085938,4162.9487304688,4169.3588867188,4170.8974609375,4201.6665039062,4203.9741210938,4145.384765625
4165.7690429688,4131.5385742188,4190.7690429688,4293.8461914062,4181.9228515625,4165.7690429688,4166.0258789062,4165.6411132812,4159.3588867188,4168.4614257812,4168.0771484375,4198.7177734375,4204.615234375,4145.0
4165.8974609375,4128.58984375,4179.8715820312,4291.0258789062,4182.5639648438,4163.8461914062,4162.9487304688,4161.9228515625,4163.0771484375,4167.0512695312,4158.4614257812,4183.205078125,4193.7177734375,4139.8715820312
4165.5126953125,4121.794921875,4174.7436523438,4285.2563476562,4175.5126953125,4163.4614257812,4159.8715820312,4159.3588867188,4167.5639648438,4169.1025390625,4148.4614257812,4173.7177734375,4182.1796875,4132.6923828125
4167.9487304688,4115.1284179688,4180.5126953125,4280.7690429688,4173.9741210938,4166.6665039062,4164.7436523438,4161.5385742188,4165.0,4168.7177734375,4144.1025390625,4173.3334960938,4177.9487304688,4134.1025390625
4168.3334960938,4114.2309570312,4181.2822265625,4280.5126953125,4174.2309570312,4162.5639648438,4159.8715820312,4159.8715820312,4163.0771484375,4164.7436523438,4147.5639648438,4173.58984375,4183.9741210938,4137.8203125
4163.8461914062,4114.615234375,4177.4360351562,4283.58984375,4176.794921875,4162.0512695312,4161.5385742188,4162.0512695312,4165.8974609375,4165.384765625,4145.1284179688,4167.9487304688,4182.1796875,4139.2309570312
4158.8461914062,4112.4360351562,4173.4614257812,4276.794921875,4178.8461914062,4164.615234375,4165.1284179688,4165.2563476562,4167.3076171875,4169.2309570312,4137.0512695312,4163.4614257812,4173.4614257812,4134.4873046875
4151.41015625,4108.8461914062,4168.8461914062,4263.7177734375,4179.3588867188,4164.8715820312,4160.7690429688,4164.7436523438,4168.9741210938,4169.615234375,4133.9741210938,4160.384765625,4166.9228515625,4122.5639648438
4137.6923828125,4101.5385742188,4159.2309570312,4256.6665039062,4181.6665039062,4167.4360351562,4164.8715820312,4167.3076171875,4169.4873046875,4166.5385742188,4127.5639648438,4144.2309570312,4149.8715820312,4112.1796875
4128.205078125,4093.0769042969,4148.4614257812,4251.9228515625,4177.4360351562,4165.1284179688,4163.7177734375,4163.58984375,4162.8203125,4166.1538085938,4117.4360351562,4128.4614257812,4133.7177734375,4104.615234375
4136.794921875,4093.3332519531,4151.9228515625,4254.8715820312,4175.5126953125,4165.384765625,4161.1538085938,4162.0512695312,4161.2822265625,4168.58984375,4115.8974609375,4126.9228515625,4132.8203125,4101.0258789062
4147.3076171875,4103.7177734375,4160.384765625,4262.4360351562,4179.615234375,4166.9228515625,4160.1284179688,4163.9741210938,4168.7177734375,4169.2309570312,4119.615234375,4132.3076171875,4137.3076171875,4106.9228515625
4154.4873046875,4120.0,4167.1796875,4266.9228515625,4181.1538085938,4164.615234375,4158.9741210938,4159.3588867188,4166.0258789062,4168.7177734375,4127.1796875,4151.0258789062,4155.5126953125,4123.9741210938
4173.4614257812,4135.0,4181.5385742188,4274.4873046875,4180.8974609375,4167.1796875,4165.2563476562,4161.794921875,4159.4873046875,4169.2309570312,4145.384765625,4178.7177734375,4185.384765625,4146.6665039062
4185.7690429688,4143.58984375,4187.3076171875,4279.1025390625,4176.0258789062,4167.5639648438,4164.7436523438,4166.5385742188,4163.58984375,4170.0,4162.0512695312,4190.2563476562,4201.794921875,4155.2563476562
4172.4360351562,4139.1025390625,4179.2309570312,4276.1538085938,4176.5385742188,4164.4873046875,4164.2309570312,4167.1796875,4169.1025390625,4168.9741210938,4157.0512695312,4180.7690429688,4196.9228515625,4150.1284179688
4155.384765625,4123.8461914062,4171.1538085938,4271.41015625,4179.7436523438,4162.9487304688,4162.9487304688,4164.8715820312,4167.6923828125,4163.58984375,4143.58984375,4171.1538085938,4183.4614257812,4147.3076171875
4155.8974609375,4119.1025390625,4169.7436523438,4270.7690429688,4176.0258789062,4164.2309570312,4156.6665039062,4161.0258789062,4164.3588867188,4160.5126953125,4147.0512695312,4170.5126953125,4180.6411132812,4144.2309570312
4162.1796875,4126.0258789062,4177.3076171875,4275.8974609375,4178.0771484375,4168.9741210938,4164.1025390625,4165.1284179688,4166.0258789062,4165.384765625,4156.2822265625,4170.7690429688,4187.9487304688,4144.1025390625
4162.9487304688,4132.1796875,4183.58984375,4278.58984375,4178.3334960938,4163.8461914062,4164.8715820312,4166.41015625,4166.794921875,4169.8715820312,4161.2822265625,4175.0,4190.5126953125,4149.2309570312
4170.1284179688,4142.1796875,4188.8461914062,4283.8461914062,4174.615234375,4158.58984375,4159.3588867188,4163.9741210938,4165.0,4168.9741210938,4171.5385742188,4188.58984375,4191.5385742188,4158.9741210938
4185.8974609375,4153.9741210938,4196.5385742188,4293.4614257812,4177.3076171875,4163.4614257812,4164.7436523438,4163.205078125,4163.7177734375,4168.4614257812,4183.8461914062,4203.58984375,4200.1284179688,4171.794921875
4190.6411132812,4156.9228515625,4197.9487304688,4298.4614257812,4180.384765625,4162.0512695312,4163.205078125,4161.41015625,4163.4614257812,4168.0771484375,4186.41015625,4206.5385742188,4203.58984375,4171.1538085938
4187.6923828125,4156.41015625,4199.4873046875,4298.8461914062,4182.6923828125,4163.58984375,4160.8974609375,4167.4360351562,4165.7690429688,4166.9228515625,4182.8203125,4202.8203125,4193.0771484375,4165.6411132812
4188.7177734375,4162.9487304688,4202.5639648438,4294.4873046875,4178.0771484375,4165.5126953125,4162.0512695312,4166.1538085938,4166.6665039062,4168.7177734375,4188.205078125,4209.3588867188,4189.615234375,4173.0771484375
4188.9741210938,4166.41015625,4201.9228515625,4292.3076171875,4173.3334960938,4161.41015625,4161.794921875,4159.8715820312,4165.0,4167.6923828125,4194.4873046875,4219.8715820312,4197.3076171875,4181.9228515625
4181.1538085938,4158.205078125,4194.1025390625,4292.3076171875,4178.0771484375,4161.794921875,4161.9228515625,4164.4873046875,4164.3588867188,4164.8715820312,4183.3334960938,4211.41015625,4192.9487304688,4177.0512695312
4172.6923828125,4150.2563476562,4184.3588867188,4286.1538085938,4178.8461914062,4161.0258789062,4157.8203125,4165.5126953125,4164.7436523438,4168.205078125,4170.8974609375,4196.1538085938,4180.5126953125,4163.4614257812
4177.3076171875,4151.794921875,4187.6923828125,4285.7690429688,4177.0512695312,4163.9741210938,4163.58984375,4162.6923828125,4164.4873046875,4168.9741210938,4175.0,4197.8203125,4182.4360351562,4161.41015625
4178.3334960938,4149.4873046875,4189.3588867188,4284.7436523438,4174.2309570312,4164.1025390625,4164.7436523438,4160.7690429688,4164.1025390625,4161.5385742188,4178.0771484375,4202.3076171875,4189.4873046875,4162.9487304688
4163.205078125,4139.615234375,4181.6665039062,4276.794921875,4174.2309570312,4159.4873046875,4158.9741210938,4161.1538085938,4164.7436523438,4162.8203125,4166.2822265625,4195.7690429688,4180.8974609375,4149.7436523438
4158.3334960938,4140.384765625,4179.3588867188,4278.9741210938,4181.6665039062,4163.7177734375,4164.4873046875,4165.7690429688,4164.3588867188,4169.2309570312,4156.0258789062,4187.5639648438,4168.8461914062,4142.5639648438
